uniqID	CADD	RDB	E001	E002	E003	E004	E005	E006	E007	E008	E009	E010	E011	E012	E013	E014	E015	E016	E017	E018	E019	E020	E021	E022	E023	E024	E025	E026	E027	E028	E029	E030	E031	E032	E033	E034	E035	E036	E037	E038	E039	E040	E041	E042	E043	E044	E045	E046	E047	E048	E049	E050	E051	E052	E053	E054	E055	E056	E057	E058	E059	E061	E062	E063	E065	E066	E067	E068	E069	E070	E071	E072	E073	E074	E075	E076	E077	E078	E079	E080	E081	E082	E083	E084	E085	E086	E087	E088	E089	E090	E091	E092	E093	E094	E095	E096	E097	E098	E099	E100	E101	E102	E103	E104	E105	E106	E107	E108	E109	E110	E111	E112	E113	E114	E115	E116	E117	E118	E119	E120	E121	E122	E123	E124	E125	E126	E127	E128	E129
1:165347833:C:T	1.079	6	14	14	14	14	15	14	15	14	14	14	14	14	14	14	14	14	14	13	14	14	5	15	14	15	14	14	15	14	13	14	13	14	13	14	14	14	14	14	14	14	14	14	14	14	14	14	14	14	14	13	13	14	14	14	14	14	13	14	14	15	14	15	15	15	14	15	14	14	14	14	14	15	14	15	14	15	15	14	14	14	14	14	14	15	15	14	14	14	14	14	14	15	15	15	15	15	14	15	14	14	14	5	5	14	15	14	14	15	14	14	15	14	13	14	14	14	14	14	13	14	14	13	14	14	14	14	14
1:165349087:A:C	4.074	5	14	14	14	14	15	14	15	15	14	14	14	14	14	14	14	14	14	13	14	14	5	15	14	15	14	13	15	14	13	14	13	13	13	13	14	14	14	14	14	14	14	14	14	14	14	14	14	14	13	13	13	14	13	14	13	13	13	14	14	15	14	15	15	15	14	15	14	14	14	14	14	15	14	15	14	15	15	14	14	14	13	13	13	15	15	14	14	14	14	14	14	15	15	15	15	15	14	15	14	14	14	5	5	14	15	14	14	15	14	14	15	13	13	14	14	14	13	14	13	13	14	13	14	14	13	13	14
1:165349359:G:GT	11.120	NA	14	14	14	14	15	14	15	15	14	14	14	14	14	13	14	14	14	13	14	14	5	15	14	15	14	13	15	14	13	14	13	14	13	13	14	14	14	14	14	14	14	14	14	14	14	14	14	14	13	13	13	14	13	14	13	13	13	13	14	15	14	15	15	15	14	15	14	14	14	14	14	15	14	15	14	15	15	14	14	14	13	13	13	15	15	14	14	14	14	14	14	15	15	15	15	15	14	15	14	14	14	5	5	14	15	14	14	15	14	14	15	13	13	14	14	14	13	14	13	13	14	13	14	14	13	13	14
1:165350558:C:T	4.793	4	14	14	14	14	15	14	15	15	14	14	14	14	14	14	14	14	14	13	14	14	5	15	14	15	14	13	15	14	13	14	13	14	13	14	13	14	14	14	14	14	14	14	14	14	14	14	14	14	13	13	13	13	13	14	14	14	13	13	14	15	14	15	15	15	14	15	14	14	14	14	14	15	14	15	14	15	15	14	14	14	14	13	14	15	15	14	14	14	14	14	14	15	15	15	15	15	14	15	14	14	14	5	5	14	15	14	14	15	14	14	15	14	13	14	14	14	13	14	14	14	14	13	14	14	13	14	14
1:165351091:A:C	2.038	NA	14	14	14	14	15	14	15	15	14	14	14	14	14	14	14	14	14	13	14	14	5	15	14	15	7	13	15	14	13	14	13	14	13	14	13	14	14	14	14	14	14	14	14	14	14	14	14	14	14	13	13	14	13	14	14	14	13	13	14	15	14	15	15	15	14	15	14	14	14	14	14	15	14	15	14	15	15	14	14	14	14	13	14	15	15	15	14	14	14	14	14	15	15	15	15	15	14	15	14	14	14	5	5	14	15	14	14	15	14	14	15	14	13	14	14	14	14	14	14	14	14	13	14	14	13	14	14
1:165352159:A:G	2.366	6	14	13	14	14	15	14	15	15	14	14	14	14	14	14	14	14	14	14	14	14	5	15	7	15	7	14	15	14	13	13	13	14	13	14	13	14	14	14	14	14	14	14	14	14	14	14	14	14	14	13	13	13	13	14	14	14	13	14	14	15	14	15	15	15	14	15	14	14	14	14	14	15	14	15	14	15	15	14	14	15	14	14	14	15	15	15	12	14	14	14	14	15	15	15	15	15	14	15	14	14	14	5	5	14	7	7	14	15	14	14	15	14	13	14	14	15	14	14	14	14	14	13	7	7	13	14	14
1:165355350:A:G	1.370	NA	14	14	14	14	5	13	15	15	14	14	14	14	14	14	14	14	14	14	14	14	15	15	5	15	7	13	14	14	13	14	13	14	13	14	13	14	14	14	14	13	14	13	13	13	14	14	14	14	13	13	13	13	14	14	14	13	13	14	14	15	14	5	15	15	14	15	14	14	14	14	14	15	14	15	14	14	15	14	14	15	14	14	14	15	15	15	5	5	14	14	14	15	15	15	14	15	14	15	14	14	5	15	15	14	14	14	14	15	14	13	15	14	13	14	14	15	14	13	13	13	15	13	14	14	13	13	14
1:165355982:C:T	1.730	NA	14	14	14	14	5	13	15	15	14	14	14	14	14	14	14	14	14	14	14	14	15	15	5	15	5	13	14	14	13	14	13	14	13	14	13	14	14	14	14	13	14	13	13	13	14	14	14	14	13	13	13	13	14	14	13	13	13	14	14	15	14	5	15	15	14	15	14	14	14	14	14	15	14	15	14	14	15	14	14	15	14	14	14	15	14	15	5	14	14	14	14	15	15	15	14	15	14	14	14	14	5	15	15	14	14	14	14	15	14	13	15	14	13	14	14	15	14	13	13	13	15	13	14	14	13	13	14
5:76720981:C:T	2.225	NA	5	15	5	15	5	4	5	15	15	15	5	15	4	15	5	5	5	5	15	5	15	15	4	5	6	4	4	4	5	5	4	5	15	5	5	5	15	15	15	15	15	15	5	15	5	5	15	15	4	5	4	4	4	4	5	15	5	4	5	5	5	4	5	15	5	5	5	5	4	5	5	5	5	15	5	5	5	5	5	5	5	15	5	5	5	5	4	4	5	5	15	5	5	5	15	5	15	15	5	5	5	15	5	5	5	5	5	5	5	15	5	15	5	5	4	15	4	4	5	5	15	4	5	5	5	15	5
5:76721089:C:T	3.476	6	5	15	5	15	5	4	5	15	5	15	5	15	5	15	5	5	5	5	15	5	15	15	4	5	6	4	4	4	5	5	4	5	15	5	5	4	15	15	15	15	15	15	5	15	5	5	15	15	4	5	4	4	4	4	5	15	5	4	5	5	5	4	5	15	5	5	5	5	4	5	5	5	5	15	4	5	5	5	5	5	5	15	5	5	5	5	4	4	5	4	15	5	5	5	15	5	15	15	4	5	5	15	5	5	5	5	5	5	5	15	5	15	5	5	4	15	4	5	5	5	15	4	5	5	4	15	5
5:76721239:A:G	0.384	NA	5	15	5	15	5	4	5	15	5	15	5	15	5	5	5	5	5	5	15	5	15	15	4	5	6	4	4	4	5	5	4	5	15	5	5	4	15	15	15	15	15	15	5	15	5	4	15	15	4	5	4	4	4	4	5	15	5	4	5	5	5	4	5	15	5	5	5	5	4	5	5	4	5	15	4	5	5	5	5	5	5	15	4	5	7	5	4	4	5	4	15	5	5	5	15	5	15	15	4	5	5	15	5	5	5	5	5	5	5	15	5	15	5	5	4	15	4	5	5	5	15	4	5	5	4	15	5
5:76721938:A:G	2.756	4	5	15	5	15	5	4	5	15	5	15	5	15	7	5	5	5	7	5	15	5	15	15	6	5	6	4	4	4	4	4	4	5	15	5	4	4	15	15	15	15	15	15	5	15	5	4	15	15	4	4	4	6	4	4	7	15	4	4	5	4	4	6	5	7	5	4	4	5	4	5	5	4	5	15	4	5	5	7	5	4	5	15	4	5	7	7	4	4	5	4	15	5	5	5	15	5	15	15	4	4	5	15	5	5	5	5	5	5	4	15	5	15	5	4	4	7	4	5	5	5	15	4	7	5	4	15	5
5:76729650:C:T	3.518	NA	5	15	5	5	5	5	5	5	4	4	4	5	4	4	5	4	4	5	5	4	15	15	4	5	4	4	4	4	4	4	4	4	5	5	5	4	15	15	5	5	5	15	4	5	5	4	15	5	4	4	4	4	4	4	4	5	4	4	5	4	4	4	5	4	5	5	5	5	4	5	5	5	5	4	4	4	4	4	5	5	5	5	5	5	15	5	4	4	5	4	15	5	4	4	4	5	5	5	4	5	5	15	5	4	5	4	5	5	4	15	4	4	4	4	4	5	5	5	5	5	5	4	4	5	5	5	4
5:76730348:A:G	0.522	6	5	15	5	5	5	5	5	5	5	4	4	5	4	4	5	5	4	5	5	4	15	15	4	5	4	4	4	4	4	4	4	4	5	5	5	4	15	15	5	5	5	5	4	5	5	4	15	5	4	4	4	4	4	4	4	5	4	4	5	4	4	4	5	4	4	4	5	5	4	5	5	5	5	4	4	4	4	4	5	5	5	5	5	5	15	5	4	4	5	4	15	4	4	4	4	4	5	4	4	5	5	15	5	4	5	4	5	5	4	5	4	5	5	4	5	5	5	5	5	5	5	4	4	5	5	5	4
5:76730567:C:T	0.614	NA	5	15	5	5	5	5	5	5	5	4	4	5	4	4	5	5	4	5	5	4	15	15	4	5	4	4	4	4	4	4	4	4	5	5	5	4	15	5	5	5	5	5	4	5	5	4	15	5	4	4	4	4	4	4	4	5	4	4	5	4	4	4	5	4	5	4	5	5	4	5	5	5	5	5	4	4	4	4	5	5	5	5	5	5	15	5	4	4	5	4	15	5	4	4	4	4	5	5	4	5	5	15	5	4	5	4	5	5	4	5	5	5	5	4	5	5	5	4	5	5	5	4	4	5	5	5	4
5:76741073:C:T	0.965	7	5	15	5	5	5	5	5	5	5	5	5	5	5	5	5	5	5	15	5	5	15	15	5	5	5	5	5	5	5	5	5	5	5	5	5	5	5	15	5	5	5	15	5	5	5	5	5	5	5	5	5	5	5	5	5	5	5	5	5	5	5	5	5	5	5	5	5	5	5	5	5	5	5	5	5	5	5	5	5	5	5	5	5	5	5	5	5	5	5	5	15	5	5	5	5	5	5	5	5	5	5	15	5	5	5	5	5	5	5	5	5	5	5	5	5	5	5	5	5	5	5	5	5	5	5	5	5
5:76756519:A:ATAC	1.421	NA	15	15	5	15	15	5	15	15	4	5	4	5	5	5	5	5	5	15	15	15	15	15	4	15	4	4	5	4	4	5	5	4	5	5	5	5	15	15	15	15	5	15	5	15	15	4	15	15	5	4	5	4	5	5	5	5	5	4	5	5	5	5	15	5	15	5	15	15	5	5	5	5	15	15	5	4	5	5	15	5	15	5	5	5	5	5	5	5	15	5	15	15	5	5	5	15	15	15	5	5	5	15	5	5	15	5	15	15	5	15	5	5	5	5	5	5	5	5	5	5	5	4	5	5	5	5	5
5:76759616:G:T	9.343	6	15	15	15	15	15	5	15	15	5	5	4	5	5	15	15	5	5	15	15	15	15	15	7	15	5	6	5	4	5	5	5	5	15	15	5	5	15	15	15	15	15	15	5	15	15	5	15	15	7	5	5	7	5	5	5	5	5	4	5	5	5	5	15	5	15	15	15	15	5	15	5	5	15	15	5	5	5	5	15	15	15	5	5	15	5	15	5	15	15	5	15	15	5	15	5	15	15	15	5	5	5	15	15	15	15	15	15	15	15	15	5	15	5	5	15	5	5	4	5	5	5	6	5	5	5	5	5
5:76759744:A:ACAGT	5.455	NA	15	15	15	15	15	5	15	15	5	5	4	5	5	15	15	5	5	15	15	15	15	15	7	15	5	6	5	4	5	5	5	5	15	15	5	5	15	15	15	15	15	15	5	15	15	5	15	15	7	5	5	7	5	5	5	5	5	4	5	5	5	5	15	5	15	15	15	15	5	15	5	5	15	15	5	5	5	5	15	15	15	5	5	15	5	15	5	15	15	5	15	15	5	15	5	15	15	15	5	5	5	15	15	15	15	15	15	15	15	15	5	15	5	5	15	5	5	4	5	5	5	6	5	5	5	5	5
5:76770782:A:G	2.684	7	9	15	8	15	15	5	15	15	9	5	8	5	5	15	9	8	5	15	9	15	15	9	5	5	5	5	8	5	8	15	5	5	15	15	9	5	15	15	15	15	15	15	5	15	15	5	15	15	5	9	8	5	5	5	5	15	5	4	5	5	5	5	8	5	5	15	5	15	15	15	15	15	15	15	5	5	5	5	15	8	15	9	15	15	15	8	5	9	15	15	15	5	5	15	5	15	15	15	5	15	5	15	15	15	5	15	15	15	15	15	5	15	9	9	15	15	5	5	5	5	5	4	5	5	5	15	5
5:76774275:A:G	3.196	7	15	15	5	15	15	5	15	15	15	5	15	5	5	15	15	5	5	15	15	15	15	15	5	5	5	5	5	5	5	15	5	5	15	15	15	5	15	15	15	15	15	15	5	15	15	5	15	15	5	15	5	5	5	5	5	5	5	5	5	5	5	5	5	5	5	15	5	15	15	15	15	15	15	15	5	5	5	5	15	5	15	5	15	15	15	5	5	15	15	15	15	5	5	15	5	15	15	15	5	15	5	15	15	15	5	5	15	15	15	15	5	15	5	15	15	15	5	5	5	5	5	5	5	5	5	15	5
5:76779599:C:T	0.073	7	5	15	5	15	5	5	15	15	4	4	5	5	4	5	4	5	4	5	15	5	15	15	4	5	4	4	4	4	7	7	4	5	5	15	5	4	15	15	15	15	15	15	5	15	15	5	15	15	4	4	4	4	4	4	5	5	5	4	5	4	5	4	5	5	5	5	5	15	5	5	5	5	5	5	5	5	5	4	5	5	5	4	5	5	5	5	4	4	5	4	15	5	4	5	5	5	5	5	5	5	5	5	5	5	5	4	5	5	4	5	5	5	4	5	4	5	5	4	5	5	5	7	5	5	5	5	4
5:76783284:C:G	0.200	5	5	15	5	5	5	5	5	15	4	4	4	5	4	5	5	5	4	5	15	5	15	15	6	5	4	4	7	6	5	5	4	4	5	15	4	4	15	15	15	15	15	15	5	15	15	4	15	15	4	5	4	4	4	4	5	5	5	6	4	4	4	4	4	5	5	5	5	5	5	4	4	5	5	5	5	5	5	4	5	5	5	5	5	5	5	4	4	4	5	4	4	5	4	5	5	5	5	5	5	5	5	5	5	5	4	4	5	5	5	5	5	5	4	5	5	5	7	4	5	5	5	4	5	5	7	5	4
5:76784376:G:T	0.188	NA	5	15	5	5	5	5	5	15	4	4	4	5	4	5	5	5	5	5	15	5	15	15	5	5	4	5	5	6	4	5	5	5	5	15	4	4	15	15	15	15	15	15	5	15	15	5	15	15	4	5	4	4	4	4	4	5	5	5	5	5	5	5	5	5	5	5	5	5	5	4	4	4	5	5	4	5	5	5	5	5	5	5	5	5	5	4	5	5	5	5	5	5	5	5	5	5	5	5	5	5	5	5	5	4	5	4	5	5	5	5	5	5	4	6	5	5	5	4	5	5	5	4	5	5	5	5	4
5:76784376:G:GA	0.208	NA	5	15	5	5	5	5	5	15	4	4	4	5	4	5	5	5	5	5	15	5	15	15	5	5	4	5	5	6	4	5	5	5	5	15	4	4	15	15	15	15	15	15	5	15	15	5	15	15	4	5	4	4	4	4	4	5	5	5	5	5	5	5	5	5	5	5	5	5	5	4	4	4	5	5	4	5	5	5	5	5	5	5	5	5	5	4	5	5	5	5	5	5	5	5	5	5	5	5	5	5	5	5	5	4	5	4	5	5	5	5	5	5	4	6	5	5	5	4	5	5	5	4	5	5	5	5	4
5:76797005:C:T	0.094	6	15	15	15	15	15	7	15	15	14	14	15	15	14	15	15	15	9	15	15	15	15	15	15	15	15	9	15	15	9	15	15	9	15	14	9	15	15	15	15	14	14	14	14	15	15	14	15	15	13	9	9	14	15	9	13	14	14	14	9	9	15	15	14	9	15	15	15	15	15	15	15	15	15	15	15	15	9	15	15	15	14	14	15	15	15	15	15	14	15	15	9	15	9	9	14	15	15	15	15	14	15	15	15	14	15	15	14	14	15	15	15	14	15	9	15	2	15	14	14	14	15	15	15	14	15	14	14
5:76799387:A:G	0.109	7	15	15	15	15	15	15	15	15	14	14	15	15	14	15	15	15	14	15	15	15	15	15	9	15	15	9	15	15	15	15	15	14	15	14	15	15	15	15	15	14	14	14	14	15	15	14	15	15	14	15	15	14	15	9	14	14	14	14	15	15	15	15	14	14	15	9	15	15	15	15	15	15	15	15	15	15	15	15	15	15	14	14	15	15	15	15	15	15	15	15	15	15	15	15	14	15	15	15	15	14	15	15	15	14	15	15	14	14	15	15	15	14	15	15	15	15	15	14	14	14	15	15	15	14	15	14	14
5:76799747:A:C	4.535	7	15	15	15	15	15	15	15	15	14	14	15	15	14	15	15	15	14	15	15	15	15	15	9	15	15	14	15	15	15	15	15	14	15	14	15	15	15	15	15	14	14	14	14	15	15	14	15	15	14	15	15	14	15	15	14	14	14	14	15	15	15	15	14	14	15	9	15	15	15	15	15	15	15	15	15	15	15	15	15	15	14	14	15	15	15	15	15	15	15	15	15	15	15	15	14	15	15	15	15	14	15	15	15	14	15	15	14	14	15	15	15	14	15	15	15	15	15	14	14	14	15	15	15	14	15	14	14
5:76813107:C:G	10.760	7	15	15	15	15	15	14	15	15	14	14	15	15	14	15	15	15	14	15	15	15	15	15	14	15	15	14	15	15	14	15	15	14	15	14	15	15	15	14	15	14	14	14	14	15	15	14	15	15	13	15	15	14	15	15	15	15	14	14	15	14	15	15	14	14	15	15	15	15	15	15	15	15	15	15	15	14	15	15	15	15	14	14	15	15	15	15	15	15	15	15	15	15	14	15	14	15	14	15	15	15	15	14	15	15	15	15	14	14	15	15	15	15	14	15	15	15	14	14	14	14	14	15	15	14	15	14	14
5:76821718:A:G	0.361	6	15	15	15	15	14	14	15	15	13	14	15	15	14	15	15	15	13	15	15	15	15	15	14	15	15	13	15	15	14	15	14	15	15	14	15	15	14	14	14	14	14	14	14	14	14	14	14	15	13	15	15	14	15	15	15	14	14	14	15	14	14	15	14	14	15	15	15	15	15	15	15	15	15	15	15	14	14	15	15	15	14	14	14	15	15	14	15	15	15	15	15	15	14	15	14	15	14	15	15	15	15	14	14	15	15	15	14	15	14	15	15	14	14	15	15	15	14	14	14	13	15	14	14	14	13	14	14
5:76830156:T:TG	0.732	NA	15	15	15	15	15	14	15	15	14	14	15	15	15	15	15	15	14	15	15	15	15	15	14	15	14	13	15	14	14	15	14	15	15	14	15	15	14	14	14	14	14	14	14	14	15	14	14	15	13	15	15	14	15	15	14	14	14	14	15	14	14	15	14	15	15	15	15	15	15	15	15	15	15	15	15	15	14	15	15	15	14	14	14	15	15	14	15	15	15	15	15	15	14	15	15	15	14	15	15	14	15	14	14	15	15	15	14	15	15	15	15	14	14	15	15	15	15	14	14	14	15	14	15	14	14	14	13
5:76836488:C:T	2.496	NA	15	15	15	15	15	14	15	15	14	14	15	15	15	15	15	15	14	15	15	15	15	15	15	15	14	14	15	14	15	15	15	15	15	14	15	15	14	14	15	14	14	14	14	14	15	14	14	14	14	15	15	14	15	15	14	14	14	14	14	14	15	15	9	15	15	15	15	15	15	15	15	14	15	15	15	15	14	15	15	15	15	14	14	15	15	15	15	15	15	15	15	15	15	15	15	15	15	15	15	15	15	14	15	14	15	14	15	15	15	15	15	14	14	15	15	15	15	14	14	14	15	15	15	14	14	14	14
5:76836548:TAGGG:TAGGGAGGG	NA	NA	15	15	15	15	15	14	15	15	14	14	15	15	15	15	15	15	14	15	15	15	15	15	15	15	14	14	15	14	15	15	15	15	15	14	15	15	14	14	15	14	14	14	14	14	15	14	14	14	14	15	15	14	15	15	14	14	14	14	14	14	15	15	9	15	15	15	15	15	15	15	15	14	15	15	15	15	14	15	15	15	15	14	14	15	15	15	15	15	15	15	15	15	15	15	15	15	15	15	15	15	15	14	15	14	15	14	15	15	15	15	15	14	14	15	15	15	15	14	14	14	15	15	15	14	14	14	14
5:76836548:T:TAGGG	0.707	NA	15	15	15	15	15	14	15	15	14	14	15	15	15	15	15	15	14	15	15	15	15	15	15	15	14	14	15	14	15	15	15	15	15	14	15	15	14	14	15	14	14	14	14	14	15	14	14	14	14	15	15	14	15	15	14	14	14	14	14	14	15	15	9	15	15	15	15	15	15	15	15	14	15	15	15	15	14	15	15	15	15	14	14	15	15	15	15	15	15	15	15	15	15	15	15	15	15	15	15	15	15	14	15	14	15	14	15	15	15	15	15	14	14	15	15	15	15	14	14	14	15	15	15	14	14	14	14
5:76840053:C:CA	0.676	NA	15	15	15	15	15	14	15	15	14	14	15	15	15	15	15	15	14	15	15	15	15	5	15	15	14	14	15	14	15	15	15	15	15	14	15	15	14	15	15	14	14	15	15	15	15	14	14	15	14	15	15	13	15	15	14	14	14	14	14	14	15	15	15	15	15	15	15	15	15	15	15	15	15	15	15	15	15	15	15	15	15	14	14	15	15	15	14	15	15	15	15	15	15	15	15	15	15	15	15	15	15	15	15	14	15	15	15	15	15	15	15	14	15	15	15	15	15	15	14	14	15	15	15	14	14	15	14
5:76841208:A:G	1.155	5	15	15	15	15	15	14	15	15	14	14	15	15	15	15	15	15	14	15	15	15	15	5	15	15	14	14	9	14	9	15	15	15	15	14	15	15	14	15	15	14	14	15	15	15	15	14	14	15	14	15	15	14	15	15	14	14	14	14	14	14	15	15	9	9	15	15	15	15	15	15	15	15	15	15	15	15	9	15	15	15	15	14	14	15	15	15	14	15	15	15	15	15	15	9	15	15	15	15	15	15	15	15	15	14	15	15	15	15	15	15	15	14	15	15	15	15	15	15	14	14	15	15	15	14	14	15	14
5:76841666:A:G	9.530	7	15	15	15	15	1	14	15	15	14	14	15	15	15	15	15	15	14	15	15	15	15	8	15	15	14	14	9	14	9	15	15	15	15	14	15	15	14	15	15	14	14	15	15	15	15	14	14	15	14	15	15	14	15	15	14	14	14	14	13	14	15	15	9	9	15	15	15	15	15	15	15	15	15	15	15	15	9	15	15	15	15	14	14	15	15	15	14	15	15	15	15	15	15	9	15	15	15	15	15	15	15	15	15	14	15	15	15	15	15	15	15	14	15	15	15	15	15	15	14	14	15	15	15	14	14	15	14
5:76854913:A:C	11.790	7	15	15	15	14	15	14	15	15	13	14	14	15	14	14	15	15	14	15	15	15	15	15	15	15	15	14	15	15	15	15	15	14	15	14	15	15	15	15	15	14	14	15	14	14	15	14	14	15	14	15	14	14	15	15	15	15	14	14	14	14	15	15	14	15	15	15	15	15	15	15	15	15	15	15	15	15	14	15	15	15	15	14	14	15	15	14	14	15	15	15	15	15	15	14	14	15	15	15	15	14	15	14	15	15	15	15	14	15	15	14	15	14	15	15	15	15	14	14	14	14	15	15	14	14	14	15	14
5:76859809:C:T	1.443	3b	15	14	15	14	15	14	15	15	13	13	14	15	14	14	14	14	14	14	14	15	15	15	14	15	14	14	15	15	15	15	14	14	15	14	15	14	15	14	14	14	14	14	14	14	15	14	14	15	13	15	14	13	15	15	14	14	13	14	14	14	15	15	14	14	15	15	15	15	14	15	15	15	15	15	14	14	14	15	15	15	14	14	14	15	15	14	15	15	15	15	14	15	15	14	14	15	15	15	14	14	14	14	15	14	15	15	14	15	15	14	15	14	14	15	15	15	14	14	13	13	15	14	14	13	14	14	14
5:76882385:C:T	3.468	7	15	15	15	15	15	14	15	15	14	14	15	15	15	15	15	15	14	15	15	15	15	15	14	15	14	14	15	15	15	14	14	15	15	14	15	15	15	14	14	15	14	14	14	14	15	14	14	15	14	15	15	14	14	15	15	15	14	14	15	14	15	15	15	14	15	15	15	15	15	15	15	15	15	15	15	15	15	15	15	15	15	14	14	15	15	15	15	15	15	15	15	15	14	15	14	15	15	15	14	14	15	14	15	15	15	15	14	15	15	15	15	14	14	15	15	15	14	14	14	14	15	15	14	14	14	14	14
10:23477062:G:T	5.270	5	13	13	13	13	13	13	14	13	13	13	13	13	13	13	13	13	14	10	13	13	13	13	13	13	13	13	13	14	13	13	13	14	13	13	13	13	14	14	14	14	14	14	14	14	14	14	14	15	13	13	13	14	13	13	13	14	13	13	13	13	13	13	14	14	13	14	14	13	14	13	13	13	14	14	14	13	14	14	13	13	13	13	13	13	14	13	14	13	14	13	13	14	13	14	14	7	13	14	14	14	14	13	13	13	13	13	13	13	13	14	15	14	15	14	15	12	14	14	14	14	15	13	14	14	13	14	14
10:23477203:C:T	4.463	5	13	13	13	13	13	13	14	13	13	13	13	13	13	13	13	13	14	10	13	13	13	13	13	13	13	13	13	14	13	13	14	14	13	13	13	13	14	14	14	14	14	14	14	14	14	14	14	15	13	13	13	14	13	13	13	13	13	13	13	13	13	13	14	14	13	14	13	13	14	13	13	13	14	14	14	13	14	13	13	13	13	13	13	13	14	13	13	13	14	13	13	14	13	14	14	7	13	14	14	14	14	13	13	13	13	13	13	13	13	14	15	14	15	14	15	12	14	14	14	13	15	13	14	14	13	14	14
10:23478615:C:T	4.215	5	13	13	13	13	13	13	14	13	13	13	13	13	13	13	13	13	13	13	13	13	13	13	13	13	13	13	13	14	13	13	14	14	13	13	14	13	14	14	14	14	14	14	13	14	14	14	14	14	13	13	13	13	13	13	13	14	13	13	13	13	13	13	14	14	14	14	13	13	14	14	14	13	14	14	14	14	14	13	13	13	13	13	13	13	14	13	13	13	14	13	13	14	13	14	14	7	13	14	14	14	14	13	13	14	13	13	13	13	13	13	14	14	15	14	15	13	14	14	13	13	15	13	14	14	13	13	13
10:23478916:A:G	3.423	6	13	13	13	13	13	13	14	13	13	13	13	13	13	13	13	13	13	13	13	13	13	13	13	13	13	13	13	14	13	13	14	14	13	13	14	13	14	14	14	14	14	14	13	14	14	14	14	14	13	13	13	13	13	13	13	14	13	13	14	13	13	13	14	14	14	14	13	13	13	14	14	13	14	14	14	14	14	13	13	13	13	13	13	13	14	13	13	13	14	13	13	14	13	14	14	7	13	14	14	13	14	14	13	14	13	13	13	13	13	13	14	14	15	14	15	13	14	14	13	13	15	13	14	14	13	13	13
10:23480318:A:G	8.257	4	10	13	12	13	13	13	12	13	13	12	13	12	13	11	10	12	13	10	12	12	13	12	13	12	13	13	13	13	13	13	14	13	13	13	12	13	14	14	14	13	13	13	13	13	14	14	14	14	13	13	12	13	12	12	13	13	13	13	13	12	13	13	14	13	13	13	13	13	13	13	13	13	14	13	13	13	14	12	12	13	13	13	13	13	1	13	13	13	13	13	13	14	13	13	14	1	13	14	13	13	14	14	13	14	13	13	13	13	13	13	13	13	9	14	15	13	13	13	14	13	15	13	13	13	13	13	13
10:23482363:A:G	9.588	4	10	13	10	13	10	12	13	10	13	13	13	13	13	13	10	10	13	10	13	13	13	11	14	12	13	13	13	13	13	13	13	14	13	13	12	12	14	14	14	14	13	14	13	13	14	14	14	14	13	12	12	13	13	13	13	12	13	12	13	12	13	13	14	7	14	13	12	12	13	13	13	13	13	13	13	13	13	12	12	13	14	13	12	13	1	12	12	13	13	12	13	5	13	13	13	1	13	13	13	13	14	1	10	13	13	13	13	13	13	13	13	13	9	14	15	13	12	13	13	13	14	13	13	13	10	13	13
10:23482635:C:T	22.000	2b	13	13	13	13	13	10	13	13	13	13	13	13	13	13	13	13	13	10	13	13	13	13	13	13	13	13	13	13	13	13	13	13	13	13	13	13	14	14	13	13	13	14	13	13	14	13	14	14	13	13	12	13	13	13	13	13	13	13	13	13	13	13	14	14	13	13	13	12	13	13	13	13	13	13	13	13	13	13	12	13	13	13	13	13	1	13	13	13	13	13	13	5	13	13	13	1	13	14	13	13	14	14	13	14	13	13	13	13	13	13	13	13	15	14	15	13	13	13	13	13	14	13	13	13	13	13	13
10:23485953:A:G	3.642	5	13	13	12	13	13	13	13	13	13	12	13	13	13	13	13	13	13	10	13	13	13	13	13	12	13	13	13	13	13	13	13	14	13	13	13	13	14	14	13	13	13	14	13	13	14	13	14	14	13	13	13	13	13	13	13	13	13	13	13	13	13	13	14	14	13	13	13	13	13	13	13	13	14	13	13	13	13	13	13	12	13	13	13	13	14	13	12	13	14	13	13	15	13	14	13	7	13	14	13	14	14	13	13	13	13	13	13	13	13	13	14	14	15	14	15	13	13	14	13	13	14	13	13	13	13	14	13
10:23486297:C:T	5.691	4	13	13	12	13	13	13	13	13	13	13	13	13	13	13	13	13	13	10	12	13	13	12	13	12	13	13	13	13	13	13	13	14	13	13	13	13	14	14	13	13	13	13	13	13	14	13	14	14	13	13	13	13	13	13	13	13	13	13	13	13	13	13	14	14	13	13	13	13	13	13	13	13	14	14	13	13	13	13	13	13	13	13	13	13	14	13	12	12	14	13	13	15	13	14	13	7	13	14	13	14	14	13	13	13	13	13	13	13	13	13	14	14	15	14	15	13	13	14	13	13	14	13	13	13	13	14	13
10:23496080:C:CT	5.971	NA	14	14	14	14	14	14	14	14	14	7	13	13	14	14	14	13	14	14	13	14	14	14	14	15	14	14	14	14	14	13	14	14	14	14	13	14	15	14	14	14	14	14	14	14	14	14	14	14	14	13	13	14	14	14	15	15	14	14	14	14	14	14	14	14	14	15	15	14	14	14	14	15	15	15	14	14	15	14	14	14	13	14	14	14	14	13	15	14	15	14	14	15	14	14	14	15	14	14	15	14	15	14	14	14	14	14	14	14	14	14	15	14	14	14	14	14	14	14	14	15	14	13	14	15	14	14	15
10:23506529:A:G	8.432	5	14	14	15	15	15	15	15	15	14	14	13	15	15	15	15	14	15	14	15	14	14	15	14	15	15	15	14	14	15	15	14	15	14	14	13	14	15	15	14	14	13	14	14	14	14	14	14	15	15	14	13	15	15	14	15	15	15	14	15	14	14	15	15	14	15	15	15	15	15	15	15	15	15	15	15	15	15	14	14	15	14	14	15	13	14	14	15	14	15	14	15	15	14	15	14	15	15	15	15	15	15	14	14	14	15	15	14	15	15	15	15	14	15	15	14	14	14	15	14	15	15	15	15	15	15	15	15
10:23508023:A:G	3.875	6	15	14	15	15	15	15	15	15	14	13	13	15	15	15	15	14	15	14	15	14	14	15	14	15	15	15	14	14	15	15	14	15	14	14	13	15	15	15	14	14	14	14	14	14	14	14	15	15	15	14	13	15	15	14	15	15	15	14	15	14	14	15	15	14	15	15	15	15	15	15	15	15	15	15	15	15	15	14	14	15	14	14	15	14	15	14	15	14	15	15	15	15	14	15	14	15	15	15	15	15	15	14	15	14	15	15	14	15	15	15	15	14	15	15	14	14	14	15	14	15	15	15	15	15	15	15	15
10:23508729:C:T	2.828	7	15	14	15	15	15	15	15	15	14	13	13	15	15	15	15	14	15	14	15	14	14	15	14	15	15	15	14	15	15	15	14	15	14	14	13	15	15	15	14	14	14	14	14	14	14	14	15	15	15	14	13	15	15	14	15	15	15	14	15	14	14	15	15	14	15	15	15	15	15	15	15	15	15	15	15	15	15	14	14	15	14	14	15	14	15	14	15	14	15	15	15	15	14	15	14	15	15	15	15	15	15	14	15	14	15	15	14	15	15	15	15	14	15	15	14	14	14	15	14	15	15	15	15	15	15	15	15
10:23517318:A:G	2.021	6	15	15	15	15	15	15	15	15	15	14	14	15	15	15	15	15	15	15	15	15	15	15	15	15	15	15	15	15	15	15	15	15	14	15	14	15	15	15	14	14	15	15	15	15	14	15	15	15	15	15	14	15	15	15	15	15	15	15	15	14	15	15	15	15	15	15	15	15	15	15	15	15	15	15	15	15	15	14	15	15	15	15	15	15	15	15	15	15	15	15	15	15	15	15	15	15	15	15	15	15	15	15	15	15	15	15	15	15	15	15	15	14	15	15	14	15	15	15	15	15	15	15	15	15	15	15	15
10:23519600:C:T	0.221	5	15	15	15	15	15	15	15	15	15	14	14	15	15	15	15	15	15	15	15	15	15	15	15	15	15	15	15	15	15	15	15	15	14	15	14	15	15	15	14	14	15	15	15	15	14	15	15	15	15	15	14	15	15	15	15	15	15	15	15	14	15	15	15	15	15	15	15	15	15	15	15	15	15	15	15	15	15	14	15	15	15	15	15	15	15	15	15	15	15	15	15	15	15	15	15	15	15	15	15	15	15	15	15	15	15	15	15	15	15	15	15	15	15	15	14	15	15	15	15	15	15	15	15	15	15	15	15
10:23538200:A:G	3.266	6	15	15	15	15	15	15	15	15	14	14	14	15	15	15	15	15	15	15	15	15	15	15	15	15	15	15	14	15	15	15	14	14	14	14	14	14	15	15	15	15	15	15	14	15	15	15	15	15	15	15	14	15	15	15	15	15	15	15	15	14	15	15	15	15	15	15	15	15	15	15	15	15	15	15	15	15	15	14	15	15	14	15	15	15	15	15	15	14	15	15	15	15	14	15	15	15	15	15	15	15	15	15	14	15	15	15	14	15	14	15	15	14	15	15	14	15	15	15	14	9	15	15	15	15	15	15	15
10:23538530:A:G	0.366	6	15	15	15	15	15	15	15	15	14	14	14	15	15	15	15	15	15	15	15	15	15	15	15	15	15	15	14	15	15	15	14	14	14	14	14	14	15	15	15	15	15	15	14	15	15	15	15	15	15	15	14	15	15	15	15	15	15	15	15	14	15	15	15	15	15	15	15	15	15	15	15	15	15	15	15	15	15	14	15	15	14	15	15	15	15	15	15	14	15	15	15	15	14	15	15	15	15	15	15	15	15	15	14	14	15	15	14	15	14	15	15	14	15	15	14	15	15	15	14	9	15	15	15	15	15	15	15
10:23539295:A:G	7.523	6	15	15	15	15	15	15	15	15	14	14	14	15	15	15	15	15	15	15	15	15	15	15	15	15	15	15	14	15	15	15	14	14	14	14	14	14	15	15	15	15	15	15	14	15	15	15	15	15	15	15	14	15	15	15	15	15	15	15	15	14	15	15	15	15	15	15	15	15	15	15	15	15	15	15	15	15	15	14	15	15	14	15	15	15	15	15	15	14	15	15	15	15	14	15	15	15	15	15	15	15	15	14	14	14	15	15	14	15	14	15	15	14	15	15	14	15	15	15	14	15	15	15	15	15	15	15	15
10:23541792:C:T	14.900	6	9	15	15	15	15	15	15	15	14	14	15	15	15	15	15	15	15	15	15	15	15	15	15	15	15	15	14	15	15	15	15	14	14	14	14	14	15	15	15	15	15	15	14	15	15	15	15	15	15	15	14	15	15	15	15	15	15	15	15	14	15	15	15	15	15	15	14	15	15	15	15	15	15	15	15	15	15	14	15	15	15	15	15	15	15	15	15	14	15	15	15	15	14	15	15	15	15	15	15	15	15	14	14	14	15	15	14	15	14	15	15	14	15	15	14	15	15	15	14	15	15	15	15	15	15	15	15
10:23544272:C:T	7.904	5	15	15	15	15	15	15	15	15	14	14	15	15	15	15	15	15	15	15	15	15	15	15	14	15	15	15	14	15	15	15	15	14	14	14	14	14	15	15	15	15	15	15	13	15	15	15	15	15	15	15	14	15	15	15	15	15	14	15	14	14	15	14	15	15	15	15	14	15	15	15	15	15	15	15	15	15	15	14	15	15	15	15	15	15	15	15	15	14	15	15	15	15	14	15	15	15	15	15	15	15	15	14	14	14	15	15	14	15	14	15	15	14	15	15	14	15	14	15	14	9	15	15	15	15	15	15	15
10:23544298:C:T	2.773	5	15	15	15	15	15	15	15	15	14	14	15	15	15	15	15	15	15	15	15	15	15	15	14	15	15	15	14	15	15	15	15	14	14	14	14	14	15	15	15	15	15	15	13	15	15	15	15	15	15	15	14	15	15	15	15	15	14	15	14	14	15	14	15	15	15	15	14	15	15	15	15	15	15	15	15	15	15	14	15	15	15	15	15	15	15	15	15	14	15	15	15	15	14	15	15	15	15	15	15	15	15	14	14	14	15	15	14	15	14	15	15	14	15	15	14	15	14	15	14	9	15	15	15	15	15	15	15
10:23555077:A:AG	0.955	NA	15	14	15	15	15	15	15	15	15	14	14	15	15	15	14	15	15	14	15	14	15	15	14	15	15	15	14	14	15	15	15	15	14	13	14	14	15	15	14	15	15	15	14	15	15	15	14	15	15	15	13	15	15	15	9	9	15	15	13	14	14	15	14	15	15	15	15	15	15	15	14	15	15	15	15	15	15	13	15	15	15	14	15	15	14	14	14	15	15	15	15	15	14	15	15	7	15	15	15	15	15	15	15	14	14	14	14	15	14	15	15	14	14	15	14	14	14	15	14	15	15	15	15	15	15	15	15
10:23574498:A:T	0.551	6	15	15	15	15	15	14	15	15	14	14	15	15	15	15	14	15	15	14	14	14	5	15	14	15	14	15	14	14	14	14	14	15	14	14	14	14	15	15	14	15	14	15	14	15	15	15	14	15	14	14	14	14	14	15	15	15	14	14	15	14	14	14	14	14	15	15	14	15	14	15	15	15	15	15	14	15	15	14	15	15	15	14	14	14	14	14	15	14	15	14	14	15	14	14	15	15	14	14	15	14	14	15	15	14	14	15	14	15	14	15	15	14	14	15	15	15	15	14	14	15	15	14	15	15	15	15	15
10:23576918:A:G	0.496	7	15	15	15	15	15	14	15	15	14	14	15	15	14	15	14	15	14	14	14	14	5	15	14	15	14	14	14	14	14	15	14	15	14	14	14	14	15	15	14	15	14	15	14	15	15	15	15	15	14	14	14	14	14	15	15	15	14	14	15	15	14	14	14	14	15	15	15	15	14	15	15	15	15	15	14	15	15	15	15	15	15	14	14	14	14	14	15	14	15	14	15	15	14	14	14	15	14	14	15	14	14	15	15	14	14	15	14	15	14	15	15	14	14	15	15	15	15	14	14	15	15	14	15	15	15	15	15
10:23585177:A:G	2.990	6	15	14	15	15	15	15	15	15	15	14	14	15	15	15	15	15	14	15	15	15	15	5	14	15	14	14	14	14	15	15	14	15	14	14	14	14	15	15	14	14	14	14	14	15	15	15	15	15	14	15	14	14	15	15	15	15	14	14	15	14	14	14	15	15	15	15	15	15	15	15	15	15	15	15	14	14	14	14	15	15	15	14	14	15	14	14	14	15	15	14	15	15	14	14	14	15	15	14	15	14	14	15	15	14	14	14	14	14	14	15	15	14	14	15	15	15	15	14	14	15	15	14	14	15	15	15	15
10:23585543:C:G	0.691	7	15	15	15	15	15	15	15	15	15	14	14	15	15	15	15	15	14	15	15	15	15	5	14	15	14	14	14	14	15	15	14	15	14	14	14	14	15	15	14	14	14	14	14	15	15	15	15	15	14	15	14	14	15	15	15	15	14	14	15	15	14	14	15	15	15	15	15	15	15	15	15	15	15	15	14	14	14	14	15	15	15	14	14	15	14	14	14	15	15	14	15	15	14	14	14	15	15	14	15	14	14	15	15	14	14	14	14	14	14	15	15	14	14	15	15	15	15	14	14	15	15	14	14	15	15	15	15
10:23587049:C:T	3.501	7	15	15	15	15	15	15	15	15	15	14	14	15	15	15	15	15	14	15	15	15	15	5	14	15	14	14	14	14	15	15	15	15	14	14	15	14	15	15	14	15	15	14	15	15	15	15	15	15	14	15	14	14	15	15	15	15	14	15	15	15	14	14	15	15	15	15	15	15	15	15	15	15	15	15	14	14	15	14	15	15	15	14	14	15	14	15	14	15	15	14	15	15	14	15	14	15	15	15	15	14	14	15	15	14	15	15	14	15	14	15	15	14	14	15	15	15	15	14	15	15	15	14	15	15	15	15	15
10:23588939:C:T	1.269	7	15	15	15	15	15	15	15	15	15	14	14	15	15	15	15	15	14	15	15	15	15	5	14	15	14	14	14	14	15	15	15	15	14	14	15	14	15	15	14	15	15	15	15	15	15	15	15	15	14	15	14	15	15	15	15	15	14	15	15	15	15	14	15	15	15	15	15	15	15	15	15	15	15	15	14	14	15	14	15	15	15	14	14	15	14	15	14	15	15	14	15	15	14	15	14	15	15	15	15	14	15	15	15	14	15	15	14	15	14	15	15	14	14	15	15	15	15	15	15	15	15	14	15	15	15	15	15
10:23605930:A:G	3.841	5	15	15	15	15	15	5	5	15	15	15	15	15	9	15	15	9	8	15	15	15	15	5	14	8	14	15	9	14	9	9	9	9	14	14	14	9	15	15	15	15	15	15	15	15	15	15	15	15	14	9	13	14	9	9	9	9	9	15	13	9	14	15	15	15	15	15	15	9	15	15	15	15	15	15	15	14	9	13	15	9	15	9	9	15	15	15	13	9	9	9	9	15	15	9	15	15	15	15	14	15	15	15	15	13	15	15	14	15	13	15	9	15	9	9	7	14	15	9	15	15	15	14	15	15	9	15	14
10:23608165:C:T	1.355	7	15	14	15	15	15	5	5	15	15	15	15	15	15	15	15	15	14	15	15	15	15	15	15	15	14	15	9	5	14	14	14	14	14	14	14	15	15	15	15	15	15	15	15	15	15	15	15	15	14	15	14	14	15	15	15	15	15	15	15	15	14	15	14	15	15	15	15	15	15	15	15	15	15	15	15	15	9	14	15	15	15	15	15	15	15	5	15	15	15	15	15	15	15	15	15	15	15	15	14	15	15	15	15	14	15	15	14	15	14	15	15	15	15	15	7	14	15	15	15	15	15	14	15	15	15	15	14
10:23614233:C:T	3.306	3a	15	14	15	15	15	14	5	15	15	15	15	15	15	15	14	15	14	15	15	15	15	15	15	15	15	15	14	5	13	14	14	14	15	14	14	14	15	15	15	14	15	15	15	15	14	14	15	15	15	14	14	14	15	15	15	15	15	15	15	15	14	14	15	5	15	15	15	15	15	15	15	15	15	15	15	15	15	15	15	15	15	15	15	15	15	15	15	15	15	15	15	15	15	15	15	15	15	15	14	15	15	15	15	14	15	15	14	15	14	15	15	15	14	15	5	14	15	15	15	15	15	14	15	15	15	15	14
10:23617210:A:G	0.023	7	15	14	15	15	15	15	5	15	15	15	15	15	15	15	14	15	9	15	15	15	15	15	15	15	15	15	9	5	14	14	14	14	15	14	14	14	15	15	15	14	15	15	14	15	14	14	15	15	15	14	14	14	15	15	15	15	15	15	15	15	14	14	9	15	15	15	15	15	15	15	15	15	15	15	15	9	15	9	15	15	15	15	15	15	15	15	15	15	15	15	15	15	15	15	15	15	15	15	14	15	15	15	15	14	15	15	14	15	14	15	15	15	15	15	5	14	15	15	9	15	15	14	15	15	15	15	14
10:23619878:A:G	2.698	5	15	14	15	15	9	15	5	15	15	15	15	15	14	15	13	15	9	15	15	15	15	5	15	15	15	15	9	5	9	14	14	14	15	14	15	14	15	15	15	15	15	15	15	15	15	14	15	15	15	14	14	14	15	9	9	15	15	9	15	15	14	9	9	15	15	15	15	15	15	15	15	15	15	15	15	15	9	9	15	9	15	9	9	15	15	15	15	15	15	15	9	15	15	15	15	15	15	14	15	15	15	15	15	14	15	15	15	14	15	15	15	15	15	15	5	14	15	15	15	15	15	14	15	15	15	15	15
10:23624044:C:G	0.290	7	14	14	15	14	15	15	5	15	15	15	15	15	15	15	14	15	15	14	15	15	15	5	15	15	15	15	15	15	14	14	14	14	15	15	15	14	15	15	15	15	5	5	15	15	15	14	15	15	15	14	14	5	15	15	15	15	5	5	15	15	14	15	14	15	15	15	15	15	15	15	15	15	15	15	15	15	15	14	15	15	15	14	15	15	15	15	15	15	15	15	15	15	15	15	14	15	15	14	15	15	15	15	15	14	15	15	14	14	14	15	15	15	15	15	5	14	5	15	15	15	15	14	15	15	5	15	15
10:23627829:C:T	2.120	5	14	14	15	14	5	5	5	15	15	15	15	15	7	15	14	15	5	14	15	14	15	5	15	15	15	15	15	7	14	14	14	14	14	15	14	14	15	15	15	15	5	5	15	15	15	14	15	15	15	14	13	7	15	15	14	15	7	7	15	15	14	15	14	7	15	15	15	15	15	15	15	15	15	15	15	15	15	14	15	15	15	14	14	15	15	15	15	15	15	14	14	15	5	15	14	15	7	14	15	15	15	15	15	15	15	15	14	14	14	15	15	15	15	14	7	14	7	15	15	15	15	14	15	15	7	15	7
10:23630195:G:T	3.333	4	14	14	14	14	14	5	5	15	7	5	14	14	7	14	14	14	5	13	14	14	15	5	15	15	7	15	14	7	13	13	14	14	14	7	14	14	7	7	7	7	7	7	7	7	7	14	7	5	14	13	13	5	15	7	14	15	7	7	15	15	14	14	14	5	15	15	15	15	15	15	15	15	15	15	15	14	15	14	15	15	7	14	14	7	15	14	14	14	14	14	14	15	5	15	15	15	14	14	14	15	15	5	15	15	7	15	14	14	14	14	15	14	7	14	7	14	5	15	15	15	14	13	15	15	5	15	5
10:23632288:A:G	5.428	7	10	13	12	13	13	7	7	13	7	1	12	12	7	12	13	11	12	11	11	11	7	7	15	7	5	15	13	5	13	13	13	13	13	12	13	13	7	5	5	5	7	7	5	7	5	13	5	5	13	13	13	5	15	7	12	15	5	5	7	7	13	13	13	5	1	2	15	15	1	15	1	7	15	15	15	14	13	13	15	15	7	13	13	5	15	12	13	12	12	12	13	14	5	7	15	15	14	14	13	15	15	5	15	15	7	14	14	13	13	13	15	13	15	13	5	14	5	15	15	14	14	13	7	15	5	15	5
10:23632970:G:T	1.403	4	10	10	10	10	10	1	1	1	1	1	10	10	1	10	10	10	2	10	10	10	1	1	1	1	1	1	10	1	13	13	13	11	10	11	10	13	1	5	1	1	1	1	2	1	1	13	5	5	1	10	11	1	2	1	2	1	2	1	1	1	10	11	10	2	1	1	1	1	1	1	1	1	1	1	1	1	1	11	7	1	7	10	10	1	1	10	11	10	11	10	10	1	2	7	1	2	7	1	10	1	1	1	1	15	1	1	14	10	10	10	15	10	15	13	5	14	2	1	15	14	14	10	1	15	2	1	1
10:23633368:G:T	4.649	4	10	10	10	10	10	2	1	1	1	1	10	10	1	10	10	10	1	10	10	10	1	1	1	1	1	1	10	1	12	12	11	11	10	11	11	13	1	1	3	1	1	3	1	1	1	10	1	1	1	11	11	1	1	1	2	1	1	1	1	1	11	11	1	1	1	1	1	2	1	1	1	1	1	1	1	1	1	11	7	1	7	10	10	1	1	10	11	11	11	10	10	7	1	7	1	2	2	1	10	1	1	1	1	1	1	1	12	10	10	10	15	10	15	13	5	14	2	1	15	14	14	11	1	1	1	1	1
10:23633566:A:C	5.638	4	10	10	10	10	11	2	2	1	2	2	11	10	1	10	10	10	2	10	10	10	1	1	2	1	1	2	10	2	11	11	11	11	10	11	11	12	1	1	3	1	1	3	2	1	1	11	1	1	2	11	11	2	2	2	1	11	2	2	1	1	11	11	1	2	1	1	1	2	1	1	1	1	11	1	2	10	2	11	2	1	1	11	11	1	1	10	11	11	11	11	11	2	2	2	1	2	2	1	11	2	1	1	1	11	2	2	12	10	11	10	7	10	15	10	5	7	2	2	1	14	14	11	2	1	2	2	1
10:23633984:T:TCATTGC	5.270	NA	10	10	15	15	15	7	15	15	2	2	11	14	7	10	10	10	7	10	10	11	15	5	5	15	2	15	14	7	13	13	12	12	11	12	12	14	1	1	2	1	2	15	7	2	15	14	1	15	7	12	13	5	2	2	2	15	7	2	15	2	15	12	5	15	2	1	1	2	1	1	1	1	15	14	1	2	15	13	2	2	7	13	13	1	2	10	12	13	5	13	13	15	5	15	5	15	7	5	12	14	15	7	15	14	2	1	14	14	12	14	15	10	15	13	7	7	2	7	5	14	14	13	7	14	2	7	2
10:23634104:C:T	2.241	7	13	13	15	15	15	7	15	15	7	7	7	14	7	13	13	13	7	13	13	13	15	5	5	15	7	15	14	7	13	13	13	12	13	12	13	14	7	15	14	15	7	15	7	2	15	14	15	15	5	13	13	5	2	2	15	15	7	7	15	2	15	14	5	15	5	5	5	15	7	15	15	1	15	14	15	15	15	13	7	7	7	13	14	5	15	12	12	13	5	13	13	15	5	15	5	15	7	5	14	14	15	7	15	14	7	5	14	14	14	14	15	14	15	13	7	7	7	7	5	14	14	13	7	14	7	5	7
10:23634326:C:T	4.356	5	13	13	15	15	15	7	15	15	7	7	7	14	7	13	13	13	7	13	13	13	15	5	5	15	7	15	14	7	13	13	13	13	13	12	13	14	7	15	14	15	7	15	7	7	15	14	15	15	5	13	13	5	2	7	15	15	7	7	15	2	15	14	5	15	5	5	5	15	7	15	15	1	15	14	15	15	15	13	7	5	7	13	14	5	15	12	12	13	5	13	13	15	5	15	5	15	7	5	14	14	15	7	15	14	7	5	14	14	14	14	15	14	15	13	7	7	7	7	7	14	14	13	7	14	7	5	7
10:23634334:A:G	5.154	5	13	13	15	15	15	7	15	15	7	7	7	14	7	13	13	13	7	13	13	13	15	5	5	15	7	15	14	7	13	13	13	13	13	12	13	14	7	15	14	15	7	15	7	7	15	14	15	15	5	13	13	5	2	7	15	15	7	7	15	2	15	14	5	15	5	5	5	15	7	15	15	1	15	14	15	15	15	13	7	5	7	13	14	5	15	12	12	13	5	13	13	15	5	15	5	15	7	5	14	14	15	7	15	14	7	5	14	14	14	14	15	14	15	13	7	7	7	7	7	14	14	13	7	14	7	5	7
10:23635495:A:T	0.788	NA	14	14	15	15	15	15	15	15	7	5	7	14	7	14	14	14	5	14	14	14	15	5	5	15	5	15	14	7	13	13	13	13	14	14	13	14	15	15	14	15	14	15	15	15	15	14	15	15	5	14	13	5	7	15	15	15	5	5	15	7	15	14	5	15	5	5	5	15	7	15	15	15	15	14	15	15	15	14	14	15	7	14	14	5	15	15	14	14	5	14	14	15	5	15	5	15	15	5	14	14	15	14	15	14	7	5	15	14	14	14	15	14	15	14	7	7	7	5	5	15	14	13	5	15	7	5	7
10:23635496:A:T	2.278	NA	14	14	15	15	15	15	15	15	7	5	7	14	7	14	14	14	5	14	14	14	15	5	5	15	5	15	14	7	13	13	13	13	14	14	13	14	15	15	14	15	14	15	15	15	15	14	15	15	5	14	13	5	7	15	15	15	5	5	15	7	15	14	5	15	5	5	5	15	7	15	15	15	15	14	15	15	15	14	14	15	7	14	14	5	15	15	14	14	5	14	14	15	5	15	5	15	15	5	14	14	15	14	15	14	7	5	15	14	14	14	15	14	15	14	7	7	7	5	5	15	14	13	5	15	7	5	7
10:23640882:A:G	0.306	3a	15	15	15	15	15	15	15	15	15	15	15	15	15	15	15	15	7	15	15	15	15	15	5	15	7	15	14	7	14	14	14	14	14	14	14	14	15	15	15	15	15	15	15	15	15	14	15	15	15	14	14	7	15	15	7	15	7	7	5	15	15	15	14	15	15	15	15	15	15	15	15	15	15	15	15	15	15	15	15	15	15	14	14	5	15	15	15	15	7	15	15	15	15	15	15	15	15	15	15	15	15	15	15	14	15	15	15	15	14	15	15	14	15	14	7	15	7	15	5	15	15	14	15	15	7	7	7
10:23641593:A:AT	0.074	NA	15	15	15	15	15	15	15	15	15	15	15	15	15	15	15	15	15	15	15	15	15	15	15	15	7	15	14	15	14	14	14	14	14	14	14	14	15	15	15	15	15	15	15	15	15	14	15	15	15	14	14	7	15	15	7	15	5	7	5	15	15	15	14	15	15	15	15	15	15	15	15	15	15	15	15	15	15	15	15	15	15	14	15	5	15	15	15	15	15	15	15	15	15	15	15	15	15	15	15	15	15	15	15	14	15	15	15	15	14	15	15	14	15	14	7	15	7	15	15	15	15	14	15	15	7	7	7
10:23641869:C:T	3.231	7	15	15	15	15	15	15	15	15	15	15	15	15	15	15	15	15	15	15	15	15	15	15	15	15	15	15	14	15	14	14	14	14	14	14	14	14	15	15	15	15	15	15	15	15	15	14	15	15	15	14	14	15	15	15	15	15	5	5	5	15	15	15	14	15	15	15	15	15	15	15	15	15	15	15	15	15	15	15	15	15	15	14	15	5	15	15	15	15	15	15	15	15	15	15	15	15	15	15	15	15	15	15	15	14	15	15	15	15	14	15	15	14	15	14	15	15	5	15	15	15	15	14	15	15	5	15	15
10:23642080:C:G	0.250	6	15	15	15	15	15	15	15	15	15	15	15	15	15	15	15	15	15	15	15	15	15	15	15	15	15	15	14	15	14	14	14	14	14	14	14	14	15	15	15	15	15	15	15	15	15	14	15	15	15	14	14	15	15	15	15	15	5	5	5	15	15	15	14	15	15	15	15	15	15	15	15	15	15	15	15	15	15	15	15	15	15	14	15	5	15	15	15	15	15	15	15	15	15	15	15	15	15	15	15	15	15	15	15	14	15	15	15	15	14	15	15	14	15	14	15	15	5	15	15	15	15	14	15	15	5	15	15
10:23642120:A:G	3.350	7	15	15	15	15	15	15	15	15	15	15	15	15	15	15	15	15	15	15	15	15	15	15	15	15	15	15	14	15	14	14	14	14	14	14	14	14	15	15	15	15	15	15	15	15	15	14	15	15	15	14	14	15	15	15	15	15	5	5	5	15	15	15	14	15	15	15	15	15	15	15	15	15	15	15	15	15	15	15	15	15	15	14	15	5	15	15	15	15	15	15	15	15	15	15	15	15	15	15	15	15	15	15	15	14	15	15	15	15	14	15	15	14	15	14	15	15	5	15	15	15	15	14	15	15	5	15	15
10:23643481:G:T	2.938	7	15	15	15	15	15	15	15	15	15	15	15	15	15	15	15	15	15	15	15	15	15	15	15	15	15	15	7	15	14	15	14	14	14	14	14	14	15	15	15	15	15	15	15	15	15	14	15	15	15	14	14	15	15	15	15	15	7	5	5	15	15	15	14	7	15	15	15	15	15	15	15	15	15	15	15	15	15	15	15	15	15	14	15	5	15	15	15	15	15	15	15	15	15	15	15	15	15	15	15	15	15	15	15	14	15	15	15	15	14	15	15	14	15	14	15	15	5	15	15	15	15	14	15	15	7	15	15
10:23644000:A:G	3.429	4	15	15	15	15	15	15	15	15	15	15	15	15	15	15	15	15	15	15	15	15	15	15	15	15	15	15	7	15	14	15	13	14	14	14	14	14	15	15	15	15	15	15	15	15	15	14	15	15	15	14	14	15	15	15	15	15	7	7	5	15	15	15	14	2	15	15	15	15	15	15	15	15	15	15	7	15	15	15	15	15	15	14	7	7	15	15	15	15	15	15	15	15	15	15	15	15	15	15	7	1	15	15	15	14	15	15	15	15	14	15	15	14	15	14	15	7	5	15	15	15	15	14	15	15	7	15	15
10:23644926:A:G	1.444	7	15	15	15	15	15	15	15	15	15	15	15	15	15	15	15	15	15	15	15	15	15	15	15	15	15	15	15	15	14	15	13	14	14	14	14	14	15	15	15	15	15	15	15	15	15	14	15	15	15	14	14	15	15	15	15	15	5	5	15	15	15	15	14	15	15	15	15	15	15	15	15	15	15	15	5	15	15	15	15	15	15	14	15	15	15	15	15	15	15	15	15	15	15	15	15	15	15	15	15	15	15	15	15	14	15	15	15	15	14	15	15	14	15	15	15	15	5	15	15	15	15	14	15	15	5	15	15
10:23644957:C:CT	5.816	NA	15	15	15	15	15	15	15	15	15	15	15	15	15	15	15	15	15	15	15	15	15	15	15	15	15	15	15	15	14	15	13	14	14	14	14	14	15	15	15	15	15	15	15	15	15	14	15	15	15	14	14	15	15	15	15	15	5	5	15	15	15	15	14	15	15	15	15	15	15	15	15	15	15	15	5	15	15	15	15	15	15	14	15	15	15	15	15	15	15	15	15	15	15	15	15	15	15	15	15	15	15	15	15	14	15	15	15	15	14	15	15	14	15	15	15	15	5	15	15	15	15	14	15	15	5	15	15
10:23645514:C:T	1.676	6	15	15	15	15	15	15	15	15	15	15	15	15	15	15	15	15	15	15	15	15	15	15	15	15	15	15	15	15	14	15	13	14	14	15	14	14	15	15	15	15	15	15	15	15	15	14	15	15	15	14	14	15	15	15	15	15	5	5	15	15	15	15	14	15	15	15	15	15	15	15	15	15	15	15	5	15	15	15	15	15	15	14	15	15	15	15	15	15	15	15	15	15	15	15	15	15	15	15	15	15	15	15	15	14	15	15	15	15	14	15	15	14	15	15	15	15	5	15	15	9	15	14	15	15	5	15	15
10:23649598:A:G	5.175	7	15	15	15	15	15	15	15	15	15	14	15	15	15	15	15	15	14	15	15	15	15	15	15	15	15	15	15	7	14	14	14	14	15	15	14	14	15	15	15	15	15	15	15	15	15	14	15	15	15	14	14	15	15	15	15	15	7	7	15	15	15	15	14	15	15	15	15	15	15	15	15	15	15	15	5	15	15	15	15	15	15	14	15	15	15	15	15	15	15	15	15	15	15	15	15	15	15	15	15	15	15	15	15	14	15	15	15	15	14	15	15	14	15	15	15	15	5	15	15	15	15	14	15	15	7	15	15
10:23649937:G:T	1.372	6	15	15	15	15	15	15	15	15	15	14	15	15	15	15	15	15	14	15	15	15	15	15	15	15	15	15	15	7	14	14	14	13	15	15	14	14	15	15	15	15	15	15	15	15	15	14	15	15	15	14	14	15	15	15	15	15	7	7	5	15	15	15	14	15	15	15	15	15	15	15	15	15	15	15	7	15	15	15	15	15	15	14	15	15	15	15	15	15	15	15	15	15	15	15	15	15	15	15	15	15	15	15	15	14	15	15	15	15	14	15	15	14	15	15	15	15	5	15	15	15	15	14	15	15	7	15	15
10:23650774:C:T	2.757	7	15	15	15	15	15	14	15	15	15	14	15	15	15	15	15	15	14	15	15	15	15	15	15	15	15	15	15	7	14	14	14	7	15	15	14	14	15	15	15	15	15	15	15	15	15	14	15	15	15	14	13	15	15	15	15	15	5	5	7	7	15	15	14	15	15	15	15	15	15	15	15	15	15	15	7	15	15	15	15	15	15	14	15	15	15	15	15	15	15	15	15	15	15	15	15	15	15	15	15	15	15	15	15	14	15	15	15	15	14	15	15	14	15	15	15	15	5	15	15	15	15	14	15	15	5	15	15
10:23651118:G:T	1.344	NA	15	15	15	15	15	14	15	15	15	14	15	15	15	15	15	15	14	15	15	15	15	15	15	15	15	15	15	7	14	14	14	7	15	15	14	14	15	15	15	15	15	15	15	15	15	14	7	15	15	14	13	15	15	15	15	15	5	5	7	7	15	15	14	15	15	15	15	15	15	15	15	15	15	15	7	15	15	15	15	15	15	14	15	15	15	15	15	15	15	15	15	15	15	15	15	15	15	15	15	15	15	15	15	14	15	15	15	15	14	15	9	14	15	7	15	15	5	15	15	15	15	14	15	15	5	15	15
10:23652065:A:G	10.370	5	15	15	15	15	15	14	15	15	15	14	15	15	15	15	15	15	14	15	15	15	15	15	15	15	15	15	15	7	14	7	7	12	2	2	14	14	7	7	2	7	7	7	7	2	2	14	7	7	15	14	13	15	15	15	15	15	5	7	15	15	15	15	14	15	15	15	15	15	15	15	15	15	15	15	14	15	15	15	15	15	15	14	15	15	15	15	15	15	15	15	15	15	15	15	15	15	15	15	15	15	15	15	15	14	15	15	15	15	14	15	15	15	15	7	15	15	5	15	15	15	15	14	15	15	5	15	15
10:23656316:A:G	6.050	5	15	15	15	15	5	5	15	15	15	14	15	15	15	15	15	15	14	15	15	15	15	15	15	15	15	15	14	5	14	15	7	7	7	5	15	14	7	5	7	7	7	7	7	5	5	15	7	7	15	14	14	15	15	15	15	15	5	5	15	15	15	15	15	15	15	15	15	15	15	15	15	15	15	15	14	15	15	15	15	15	15	14	15	15	15	15	15	15	15	15	5	15	5	15	15	15	15	15	15	15	15	15	15	14	15	15	15	5	15	15	15	15	7	5	15	15	5	15	15	15	15	14	15	15	5	15	15
