ensg	symbol	Adipose_Tissue	Adrenal_Gland	Bladder	Blood	Blood_Vessel	Brain	Breast	Cervix_Uteri	Colon	Esophagus	Fallopian_Tube	Heart	Kidney	Liver	Lung	Muscle	Nerve	Ovary	Pancreas	Pituitary	Prostate	Salivary_Gland	Skin	Small_Intestine	Spleen	Stomach	Testis	Thyroid	Uterus	Vagina
ENSG00000228219	NPM1P30	-0.0413538977111139	-0.0434443181692418	-0.0392067889461316	-0.0444072997846847	-0.0450859579761604	0.0448976892498683	-0.0121273604490843	-0.0153101103188038	-0.0406006975326501	-0.030072938910316	-0.0484553836211052	-0.0433368532284938	-0.0325260435259557	-0.0444145696114406	-0.00737117623926898	-0.0457726307405687	-0.0177781648748829	-0.0270059477080432	-0.0371343765790494	0.0744859822366749	-0.0172898647546612	0.00574971399236826	0.0208968045667633	-0.0393674225459887	-0.0433847871075623	-0.0398953799527777	0.516987072319234	0.0622577621207677	-0.0373729740222211	-0.000554248958638748
ENSG00000148444	COMMD3	-0.0273641959819373	-0.0299536922074359	0.367129549808821	-1.31170578848429	0.372378904461902	-0.442764872166258	0.188926967215885	0.452611063611544	0.277429115986608	0.154801647048844	0.406217638128543	-0.377236958306445	-0.581891600505143	-0.705286151373171	0.175692387943397	-0.038466544163823	0.592149461632993	0.0179444456769885	-0.437247589173008	0.587391865702709	0.398214549596762	0.220801279797944	0.429715939822067	0.20895118079853	0.490675661143387	-0.262602467368936	0.68188399415546	0.202273888233655	0.482827560051956	0.241087243158989
ENSG00000168283	BMI1	0.345730795646428	0.175057917233319	0.652119195878299	-2.04625007176777	0.822442798711229	-0.0310400386611421	0.307220803717722	0.629083245513701	0.328134352494967	0.12330974030184	0.66093409030691	-1.17641579209212	-0.696852891810457	-0.832236014213433	0.346370412702431	-0.127387406600347	0.825265591880796	0.272322477831247	-1.04527843131578	0.749529831634748	0.506678499486969	-0.0140961869711554	-0.140820976144885	0.019578356702063	0.448870717322529	-0.181824462387506	0.765829258122725	0.355023230449075	0.727009555656366	0.179127102456365
ENSG00000272516	RP11-573G6.9	-0.0529243754571009	-0.0550937419987955	0.0365336919685145	-0.138941415585594	0.0858424334997653	0.115696503171421	-0.0479789686775003	0.0485712909635818	-0.00510649147861937	-0.0276861465367076	0.00508458260650382	-0.141194715741669	-0.0611023753260386	-0.113397890954057	-0.00670081285128987	-0.047617627316909	0.0440527169860804	-0.102973204349535	-0.110292378064431	0.196469468819554	-0.0166815544988972	-0.0746062901715472	-0.07242613856278	-0.03279473024581	-0.0019042001397327	-0.0236253801358735	0.617423783770849	-0.054861718167696	-0.000757397732996933	-0.0454708683043645
ENSG00000272366	RP11-573G6.10	0.00969344198267082	-0.0179969868144786	-0.115595905692983	-0.0493290428956849	0.0016990881828519	-0.0752234371326128	0.0305315453701473	-0.0400300261983196	-0.0505725243736754	-0.0403887774027331	0.128222313745946	-0.120732749041537	-0.0736334095223393	-0.101836014431126	-0.00841298017537799	-0.0181274237230752	0.0202345046654987	0.0266362213530799	-0.0841264091876063	0.716101546235195	-0.00605999610561497	-0.0736518345964241	-0.0202933329853869	-0.0233879925350965	0.0500220925219248	-0.0593762888636569	1.05831864267223	-0.0339790254324616	0.0123616680048781	-0.104196334091766
ENSG00000077327	SPAG6	-0.430916417577076	-0.463918899263931	-0.41517345599339	-0.252312725583819	-0.444049391401192	0.389277222050065	0.0226991549640039	0.222444185871297	-0.428558241596423	-0.433099943676886	1.79054070301	-0.489380526513574	-0.158625227498263	-0.490832265528596	1.37046067763268	-0.466817332585237	-0.284756441020242	-0.40938594782438	-0.367870476889657	3.70476588892061	0.463917596816881	-0.449945895871252	-0.241722477402373	-0.423648772086562	-0.421462592729611	-0.438699483529521	5.06443556599235	-0.21499439753209	-0.410545507943362	-0.439724619970049
ENSG00000165309	ARMC3	-0.276260484499616	-0.280819856457131	-0.274197133649872	-0.242650879080661	-0.249934436408141	0.380805427087228	-0.239338502345193	0.204982913988579	-0.228270636522171	-0.249185671868242	1.67915591921313	-0.267613863000976	-0.0329899171570702	-0.282240659700429	0.818318516241307	-0.280605761779772	-0.219230222260528	-0.218671086580515	-0.115577964160412	0.867810755025655	-0.174750042985853	-0.202142495016439	-0.275601840680979	-0.245661783492405	-0.268866536514817	-0.26444913287483	4.29592633239072	-0.144798503056187	-0.177049424234673	-0.268640235571968
ENSG00000148450	MSRB2	0.026252659789902	0.314944923373305	0.58893847775127	-0.96919465428776	0.594100583537901	0.114498011473994	-0.0521899501288367	0.53821644824264	0.500714185020416	0.347305016274275	0.772273108901679	0.665057294042193	-0.106514596108667	0.0688910058586234	0.0352964377488231	0.200611818074509	-0.270437591084637	0.287544583113667	-2.32163696400401	0.59913853671089	0.485102598680301	-0.515936345239202	-0.653009199308635	-0.156083095120284	-0.216478315475923	-0.599611703849918	-0.996937506084358	0.638864771578878	0.766728325706261	0.117055048516375
ENSG00000252049	SNORA40	-0.00271996451815257	-0.00264273310574917	-0.00463535715572681	-0.00463535715572681	-0.00307817043873571	0.00641914423320818	9.12294263697478e-05	-0.00463535715572681	-0.00463535715572681	-0.00284845955179121	-0.00463535715572681	-0.0037239860227818	-0.00463535715572681	-0.00463535715572681	-0.00330184273171874	-0.00463535715572681	-0.00290702138029605	-0.000820842840084642	0.0760869893614278	0.00235956947886851	-0.00463535715572681	-0.00463535715572681	-0.00304345572428087	-0.00463535715572681	-0.00278323221017248	0.000365393277501309	0.00498350574451795	-0.00256347015535485	-0.00463535715572681	-0.00463535715572681
ENSG00000168267	PTF1A	-0.175079608121142	-0.213093272881405	-0.156403231514373	-0.227098974592686	-0.183991881850664	0.0818206341523276	-0.166032003839667	-0.0562739556690979	-0.193522777149225	-0.204070892489654	0.0800759053197168	-0.217188664915142	-0.211564889472071	-0.221937441100391	-0.185052998905398	-0.215935188802345	-0.0930114381418399	-0.090600444864839	4.71192317973051	-0.0546964176771618	-0.16491406079494	-0.210045005968966	-0.208878988868286	-0.197472440411843	-0.205537798970427	0.719165580505379	1.49638812174397	-0.187496384525684	-0.0464794806697869	-0.119911327004103
ENSG00000179133	C10orf67	-0.248938125861584	-0.247662179202886	-0.266747234851673	-0.283534514320185	-0.281226870460177	0.0463779018328246	-0.277396171718418	-0.154300119938839	-0.238814337829273	-0.249420696231761	0.472451707378435	-0.14896770462045	0.290472598657972	-0.248807792887848	0.8213754417683	-0.226074917571688	0.480242882901255	-0.0452642039468421	-0.249086115046676	1.16129075862639	-0.262012176166727	-0.274281053553067	0.115098008080311	-0.221199873153385	-0.19614164692886	-0.250081545659777	3.02068074546286	-0.0766052341805469	-0.267237629737606	-0.232865065947956
ENSG00000227537	RP11-215C7.3	-0.0156565002197885	-0.0184776600994676	-0.020001393112795	-0.0190199714285606	-0.0175583621643454	-0.014066418743462	-0.0178949457741049	0.00666721145566057	-0.0177162103723011	-0.0178039157567097	0.121478701509545	-0.0182288895045588	-0.00572825753065901	-0.0178053358348095	0.0840243679978681	-0.0188344503389258	0.0679625476672043	0.013096816623852	-0.0177053591334154	0.0907021243347721	-0.0192884866657192	-0.020001393112795	0.0398178959847968	-0.0154942999246073	-0.01519775583658	-0.014789209938243	0.0731254783613496	-0.00266908321334361	-0.018246017858843	-0.0187685698112918
ENSG00000224215	RP11-371A19.2	-0.240963096489335	-0.264084122531016	-0.146406192822927	-0.275207891591309	-0.266127948743217	0.0298867623043199	-0.25768663577827	-0.139720014305588	-0.155128111241625	-0.188018851778059	-0.000675403577290222	0.0852056692488294	0.0501226660429884	-0.303425326175607	1.9536445652521	-0.293121348176403	0.69624634794387	0.390585866677771	-0.307081505317209	0.738293342751744	-0.226648487752825	-0.282041716468492	-0.113359200428994	-0.121999542463409	-0.191227769451674	-0.229362176385883	0.662033890159554	0.24633086254532	-0.214941838383219	-0.112741172138096
ENSG00000264574	MIR1254-2	-0.00030337968995416	-0.00030337968995416	-0.00030337968995416	-0.00030337968995416	0.000129232738935076	1.45566617557796e-06	-0.00030337968995416	-0.00030337968995416	-0.00030337968995416	-0.00030337968995416	-0.00030337968995416	0.000380593001914751	-0.00030337968995416	-0.00030337968995416	0.00191422004745649	-0.00030337968995416	-0.00030337968995416	-0.00030337968995416	0.00187171751453697	-0.00030337968995416	-0.00030337968995416	-0.00030337968995416	0.000106413547982552	0.00271807582287057	-0.00030337968995416	-0.00030337968995416	-0.00030337968995416	-0.00030337968995416	-0.00030337968995416	-0.00030337968995416
ENSG00000165312	OTUD1	0.493124009291993	-0.0860595395281203	0.152471964246133	-0.756289099102402	0.455127732678778	-0.890286827725417	0.440784909856882	0.489177834728716	-0.0968985975274789	-0.0789552237418473	0.621767924791513	-0.0290362969654955	-0.430526195567629	-1.28347727718214	0.993955349505533	-0.274283842168029	0.816445517108423	0.632887579710162	-1.38895836593209	0.187200989267501	-0.207213510521486	-0.340591754270526	0.559840259092555	-0.0335768839419228	0.76813646187005	-0.148182413656581	0.409540986976236	0.492720417196024	0.715579759864885	0.150967349778934
ENSG00000223928	RP11-183E9.2	0.150725579848537	-0.011509123532768	-0.0174041274396042	-0.0510078674720671	-0.0312164338267722	-0.0475513410944065	0.147920861481886	0.00278599289593798	-0.0308253354314275	-0.0251667844921656	-0.0181251198000415	-0.0113914012560555	0.00494597093150467	-0.0396316969739268	0.227139940722299	0.00316044831485987	-0.00932504071373897	-0.0318886651720936	-0.026682512368501	-0.0027699860481922	0.00140128817790904	-0.0297177438706572	-0.0418329376356431	-0.0377443769278164	-0.0245852406516495	-0.0407216869038331	-0.0393505851854071	0.094165503086598	0.00227140428940737	-0.0331065276070647
ENSG00000207930	MIR603	0.0138948060521881	-0.00476206669894003	-0.00842465080325713	-0.00696956942188077	-0.00748732108711623	-0.00750954086340186	0.0322868042779443	-0.00842465080325713	-0.00357150107580451	-0.00223463366849346	-0.00842465080325713	-0.00424297210188835	-0.00712645571399054	-0.00842465080325713	-0.00337597258979895	-0.00019126912871959	0.00986289838002251	0.00081004653441422	-0.00569722064073136	-0.00363970661777681	0.0106379478658286	0.0107364479223681	0.00693008023954735	-0.00842465080325713	-0.00184778542852705	-0.00417177653772646	-0.00699692312074756	0.00995703203763226	-0.00842465080325713	0.0077873099998953
ENSG00000151023	ENKUR	-0.505191893791629	-0.485089168051821	-0.461410674443498	-0.259148664324127	-0.425346079598126	1.51043399827258	-0.481270326864517	0.107211316752947	-0.461608424270144	-0.512073138034299	1.45602341065908	-0.542612064445515	-0.391823618778331	-0.263511217057928	0.810274295161399	-0.562210059488739	-0.443121910371423	-0.069775188108009	-0.529955501976638	2.16315839536435	-0.404690459602743	-0.514657086413309	-0.492479096383107	-0.276987317001854	-0.321634647823035	-0.39614679578644	2.16417297728935	-0.127069169736411	-0.224202561645814	-0.396536739273324
ENSG00000185875	THNSL1	-0.285313133645814	0.912084495141126	0.204206608547394	-0.980690766641479	-0.235559010720437	0.439420595248262	-0.132867208649613	0.702014027917179	-0.304928915301066	-0.5282112248647	0.555255967629037	-0.512153633268578	0.156759910225671	1.06262842221119	-0.367274906439571	-0.320857245424711	0.11654288910585	0.892357264087664	-0.212179100483863	1.20807162458274	0.144374912104461	-0.062813961893379	0.0160523104789032	-0.127735342742788	-0.0286911130700499	-0.23727842033526	1.63056953492147	1.08744069933101	0.634622655611713	0.234529461172348
ENSG00000231422	RP11-80K21.3	-0.0683134408687206	-0.0760685215530297	-0.0608382926838642	-0.079398066294962	-0.0759516752477941	0.228620860501807	-0.0633020335017692	-0.0387530592379992	-0.0693950522357361	-0.0771031083223083	-0.0343770604393203	-0.0841602123693665	-0.0878140672151056	-0.0875835564697408	-0.06730335379559	-0.0870017535471661	-0.0659352124024536	-0.0350704258494283	-0.0871098481995917	0.294971521628355	-0.0646509237216614	-0.0760706055103926	-0.0780891307394697	-0.0512711971193441	-0.0511447236486104	-0.0731447255062568	0.793778916224416	0.0217208683754171	-0.0227012579301795	-0.0576425273724242
