No	GenomicLocus	uniqID	rsID	chr	pos	p	nSNPs	nGWASSNPs
1	1	3:34996151:A:G	rs4678729	3	34996151	7.14105062329e-06	73	36
2	2	3:87944089:C:T	rs2932274	3	87944089	5.98029587616e-06	168	50
3	3	6:66280065:A:G	rs66812553	6	66280065	4.06127651971e-06	249	99
4	4	6:108246999:A:G	rs146409271	6	108246999	1.71913484518e-08	4	1
5	5	10:20664339:A:C	rs76366952	10	20664339	3.988343e-06	4	3
6	5	10:20715852:G:T	rs55829750	10	20715852	9.985408e-07	152	73
7	6	15:59389768:G:T	rs34868598	15	59389768	7.588294e-06	22	3
8	7	19:11733355:G:T	rs148029925	19	11733355	2.76274e-06	22	14
9	8	19:14453332:A:C	rs10854131	19	14453332	3.080373e-06	35	4
10	9	19:29712441:C:T	rs35484580	19	29712441	9.562255e-06	3	1
