No	GenomicLocus	uniqID	rsID	chr	pos	p	nSNPs	nGWASSNPs
1	1	1:19841504:A:G	rs12044984	1	19841504	4.387e-06	18	8
2	2	2:225466404:A:G	rs4624371	2	225466404	7.963e-06	219	108
3	3	2:235637935:A:G	rs66799507	2	235637935	3.499e-06	32	27
4	3	2:235659340:A:G	rs6431289	2	235659340	3.905e-06	77	50
5	4	3:157498846:C:G	rs1872982	3	157498846	6.155e-06	14	8
6	5	4:140891233:A:G	rs4863709	4	140891233	5.784e-06	91	62
7	5	4:140946939:C:T	rs17314832	4	140946939	9.906e-07	124	53
8	6	6:139151017:G:T	rs147187651	6	139151017	7.234e-06	1	1
9	7	6:148149709:C:T	rs2187437	6	148149709	7.865e-06	42	15
10	8	7:135602416:T:TCTTA	rs147090214	7	135602416	4.152e-06	37	29
11	9	7:157162068:C:T	rs9692250	7	157162068	4.66e-06	99	54
12	10	10:2364992:A:G	rs4468275	10	2364992	4.955e-06	4	2
13	11	10:15619054:A:C	rs9333182	10	15619054	5.425e-06	12	9
14	12	11:77596104:A:C	rs687037	11	77596104	5.119e-06	69	47
15	13	16:60615067:A:G	rs10438549	16	60615067	4.961e-06	61	29
