ensg	symbol	8_pcw	9_pcw	12_pcw	13_pcw	16_pcw	17_pcw	19_pcw	21_pcw	24_pcw	26_pcw	37_pcw	4_mos	10_mos	1_yrs	2_yrs	3_yrs	4_yrs	8_yrs	11_yrs	13_yrs	15_yrs	18_yrs	19_yrs	21_yrs	23_yrs	30_yrs	36_yrs	37_yrs	40_yrs
ENSG00000077327	SPAG6	-0.275015931224909	-0.389395202309174	-0.449357488130099	-0.462596021938425	-0.303086170772174	-0.0268325185349299	-0.0714956703344575	-0.0622134841634627	-0.169036994285277	-0.233155418069235	0.254422941930096	0.442230575923883	0.388454223536946	0.738240375963604	-0.220558610156847	-0.199789528236373	0.0239719358330345	0.248543768628337	0.384598321517786	0.215844443959291	0.300145964622654	-0.0631533607891189	0.358164871796059	0.133930191793657	0.151055812059458	0.209953723127662	0.214047363222384	0.159021265104805	0.379541857786804
ENSG00000085365	SCAMP1	0.0621639651967297	0.0585669134402843	0.877621108938139	0.444554559402219	0.17037852343293	-0.116219579404961	-0.569013736254151	0.19816980544687	0.648419850539305	-0.671586417407628	-0.459875870865296	0.0116948185396078	0.119927958358651	0.396998641447839	-2.23685298771193	-0.962766305319413	-0.217215198433396	0.31346943814976	0.460924733944171	-0.397003977528602	0.473076475419689	-1.21497910679926	-0.24269466776537	0.723871556026334	-0.347816066868822	-0.652392444354884	-0.221928534947419	-0.125266351133941	0.110614658608447
ENSG00000113231	PDE8B	-1.3041839345679	-1.24913554051421	-0.551145526734383	-0.679659759763881	-0.694421404244632	-0.807796787199909	-1.27488693836939	-0.60535512042031	-0.781794767457308	-0.0560956230193302	0.183034044222178	0.370568419398143	-0.0366661368478819	0.996003126647164	-0.82079312811659	0.0822890653155547	0.0714533458214718	0.565676950230481	0.985034126624006	0.63796659437931	0.87056608353012	0.310936762428866	0.952132590076157	1.02551227811658	0.56316694917126	0.789454593572039	0.971954301459852	0.98564612295058	0.927156650675697
ENSG00000113273	ARSB	0.601524243226062	0.877051587750861	0.365901331651402	0.280926539599831	0.396248836370838	0.374845259805127	-0.230115587238216	0.598849728748332	0.752113372770819	-0.123249828140168	-0.0199488505704405	0.178975878238196	-0.688963109834814	0.0310452565108657	-1.05742887729486	-0.386921719582557	-0.745092699663777	-0.20593525515375	-0.331967803427551	-0.160827876451503	-0.0726050152113439	-0.572045086365541	-0.196687064412867	-0.441790259130849	-0.201828544134475	-0.402060447274708	-0.397126101537016	-0.166879104619238	-0.819250228079789
ENSG00000132842	AP3B1	0.592370238347063	0.68265058374153	-0.306017024946473	-0.276289797575217	-0.35289631127337	-0.45767501586264	-0.750894627346723	-0.28762283441692	-0.181426987559	0.413826529449502	-0.132662986999612	-0.106279662440856	0.200328531028162	0.0237663395840045	-0.237049133326727	0.370660491329843	-0.378812965140858	0.340225248605582	0.175216105127564	0.220725534827389	0.375540655213798	0.160979416306603	0.047830568640444	0.53897276485978	0.670080625048077	-0.254494943782619	0.056000740660458	0.324468358377361	0.085017059885243
ENSG00000132846	ZBED3	-0.173665473261857	-0.0257040058058354	-0.087034892372606	-0.187835804736789	0.0767670444637227	0.0282478106232092	-0.439084476541195	0.0261650334999501	0.0688456861943864	0.263019501417154	0.426318779214612	-0.0730332000753542	-0.824807525448718	-0.247904144396065	-0.333206199541829	0.257564449521714	-0.47647714208094	-0.192598761429187	-0.166890298860195	0.185155444983876	0.26622783744162	0.352564533820446	0.46675635984975	0.0431529129304402	0.577671937180908	0.378732272643369	-0.138556472319539	0.344031952544961	-0.363694074613793
ENSG00000143149	ALDH9A1	0.328066605118524	0.172789959019646	-0.423976043482647	-0.40172983981699	-0.330876912516353	-0.243332663930028	-0.752528199264337	-0.204308860380905	0.149751852096179	0.824761696368193	0.598918381335488	0.406074056258547	0.00216836616732765	-0.420572648063775	0.0788757739285749	0.956643847153167	0.27132148729517	0.389019858989993	0.272126421924769	0.225205219190142	-0.02561297759239	0.663757938465478	-0.554757634869801	0.141084774937244	0.607636309740169	-0.743023879291229	-0.269098102256131	-0.10758146502808	-0.219406193560713
ENSG00000143157	POGK	0.478913510551183	0.522091746504832	0.56180493357913	0.507919339838412	0.62208188482254	0.369959638921199	-0.173439161917403	0.439791668514774	0.534923590690786	0.0384697408835247	-0.274968487717501	-0.453615488107182	-1.1520624784531	-0.17668129046089	-1.04265492600901	-0.1129946692413	-0.975553338874006	-0.510593247359626	-0.19592421610475	-0.177952328318383	-0.0265368957884657	-0.351922215989035	-0.134958179245414	-0.0981512482313711	-0.0743392204426001	-0.382634296412882	-0.392742821323422	-0.053228643681453	-0.441553643632424
ENSG00000143167	GPA33	-0.0286517199544847	-0.0479402686107278	-0.0663024673811329	-0.0664768028408449	-0.0356632969350819	-0.0491813403505043	-0.0563442039013871	-0.0720584851810617	-0.0374636828089796	-0.0519926476412314	0.02044436501209	0.0105940602905511	0.0275572349801783	0.066477930731446	-0.0543757294653965	-0.010216999576797	0.0167871998547289	0.0250770490990235	0.067776185081112	0.0690119038151097	0.028285734757809	-0.045526324729851	0.106900863657717	0.0546525815906743	-0.0310493130488484	0.168338580672104	0.0782785855930596	0.0797029158996796	0.0449512701598352
ENSG00000143171	RXRG	-0.155343582151018	-0.582653176099989	-0.797696764995269	-0.852587225098448	-0.188159776011669	0.169514610016204	-0.358246182871233	-0.567555422040452	-0.450753269663619	-0.0406140886727181	0.030541372259072	0.380574307190616	0.443046544646305	0.677217445901166	0.0620778615620101	0.876947840117382	1.18763198831587	0.683561662198247	0.307089416877852	0.409020783042265	-0.0943403337074484	0.749701352520611	0.185876055649861	-0.105472155878812	0.41593000113201	-0.0460850275751268	-0.021717035345996	0.125073683525945	0.313468911096155
ENSG00000143179	UCK2	0.668006384244587	0.765163004035876	0.494434811057751	0.53591287030743	0.603048316656949	0.584475400040739	0.335813441663403	0.577264771670932	0.471877647098421	-0.267354068762514	-0.348503500799873	-0.0412332912046783	-0.521318436988827	-0.0102278966820862	-1.06191579928371	-0.477753629756401	-0.773183547767165	-0.581055529887061	-0.28409613721938	-0.29075525332099	-0.237209272268246	-1.0266800509746	-0.0775437438251652	-0.460003340870522	-0.327861350699908	-0.195610306759214	-0.273969552562995	-0.247513256626589	-0.785020568202087
ENSG00000143183	TMCO1	0.57914483704929	0.0289496255540575	0.432331293100935	0.0447791886143619	-0.127051955578168	-0.218240290893177	-0.21584377365649	-0.194681283692745	0.205259591936267	0.375700390301126	0.271915276587133	0.257947495638891	0.191711851295698	-0.253716178346236	-0.235472430054011	0.160877546786947	0.530303243155882	0.533582211253907	0.100513995973841	-0.456159595226018	-0.194263296149408	-0.164024742074934	-0.484107509093326	-0.0197942956692946	-0.19087971243005	-0.906150433766454	-0.533795060010575	-0.436526196101827	-0.138666716825466
ENSG00000143194	MAEL	-0.453952132748946	-0.463066815351194	-0.450842191023996	-0.577993753749363	-0.441715857410508	-0.215437367725027	-0.260907354722565	-0.171051742052957	-0.0152360758782043	-0.528169708001914	-0.178698598993648	0.320556573277448	1.11133658456936	0.360165307202854	-0.586975659268794	-0.296318644608544	0.719967459702493	0.501941883330841	1.02873230567673	-0.0909019039619013	0.145583711728123	-0.14721023436391	0.668073363998244	0.41678091659776	0.0117106751108929	0.357530470537516	0.511920767497214	0.747852062545064	0.260128493088173
ENSG00000143195	ILDR2	0.803730869631613	1.08718504213647	-0.424764177908685	-0.502530005511801	-0.165101307276225	-0.235879510222251	-0.851136995362371	-0.00817562543125704	-0.3410545954194	0.0654176522642956	-0.49427916091535	0.356300268629613	-0.10837027672743	1.33244904304087	-0.851172584424781	-0.12054908522954	-0.850060551750592	0.136017819676261	0.0699351863667351	0.255447100071171	0.516469839829279	-0.452496040905737	0.33455233684839	0.745444493086042	0.292430458990127	0.0537133122821345	0.539270613153248	0.312430103291825	-0.477584049761719
ENSG00000143198	MGST3	-0.788127095456314	-1.07208666258033	-0.504457055032045	-0.40323637740125	-0.362950841234275	-0.334241109578446	-0.22190395715294	-0.426445759346397	0.16874422021133	-0.40285975631673	0.362891133351283	0.468941085139337	0.432509913309996	0.132863746276946	-0.64385463469236	-0.0954244071034999	1.33043228672773	0.57893868596694	0.723413219304088	0.267258720201969	0.19117098531603	-0.040107365642053	0.497544192864594	-0.0804900274487188	-0.0375903966575025	0.850650189648091	0.246639973286911	0.210921231538366	0.697075119759474
ENSG00000143228	NUF2	3.22270657574789	2.46870170087138	0.292395031679405	0.513863449653309	0.305445920596717	0.402960464775517	0.135480125698944	-0.066100634455632	0.228101438805802	0.44447369481054	-0.29761585840469	-0.312204588195376	-0.492443216826771	-0.52686102162282	-0.525590121258348	-0.513318223810759	-0.513690569641464	-0.444003219506454	-0.567701461426143	-0.547817779250526	-0.462470275762448	-0.444769382131922	-0.571736672750849	-0.563742083506132	-0.498541926319545	-0.568643055210295	-0.528938968408344	-0.489550484512713	-0.495670406224258
ENSG00000143248	RGS5	-1.0956630469511	-1.21334492035066	-1.66423211572761	-2.03285714292188	-1.74582493918687	-2.16786068654026	-2.65348594947177	-1.80191660860485	-0.993306437670642	0.885035122402347	-1.20417705435359	1.35612952477042	0.973362126300998	1.26934905246771	1.02768089377399	1.68686138338593	0.287724401163304	1.3859991137054	1.80398769085031	1.58114225387744	1.51049402446581	1.86756620244897	0.747606192961135	1.85125223852076	1.71974191087314	0.668928765829369	1.09064840795098	1.33786550052553	1.65407313964066
ENSG00000145703	IQGAP2	1.67744818483204	2.48495200622645	0.0944977373486188	0.388143531602471	0.590843644319655	0.544870892068345	0.0820562405149281	0.455505569104815	0.625832087404357	0.576496042369332	0.797997350068464	-0.0578650899003335	-0.323588134305664	-0.216952288088556	-0.612662570340619	-0.531595713122982	-0.614766524024756	-0.589512489836274	-0.635359568550445	-0.613892038166463	-0.489821958923976	-0.619544026631032	-0.592376880154737	-0.605170165245796	-0.595782717954908	-0.666066055517795	-0.611881076422856	-0.556419065462783	-0.673515606854409
ENSG00000145708	CRHBP	-1.42626951389974	-1.41332153949595	-1.27285567803004	-1.20745872596563	-0.849424469912789	-0.651107676339139	-0.675209662062688	-0.297314328710319	-0.252275313944233	-0.823544627456349	0.22789488101409	1.34680655239663	1.19150359074405	1.36843918889244	-1.35694459589419	-0.79387868983498	1.01418316795797	1.36357215062238	1.17926813126814	0.663623149181758	1.11958582816327	-0.119488531275018	1.26623593973944	0.977830366453222	0.346586639941006	1.37018277550581	0.667306631320598	0.94414511127	0.545549406022023
ENSG00000148444	COMMD3	0.33007548741802	0.0808766033985217	0.74288951664856	0.605798799159651	0.281744665777717	0.612445355436239	0.933892870154717	0.356557817159257	0.486758341691586	-0.233912656325087	0.0418022416098089	-0.201637772429495	-0.305747491857544	-0.693298384386014	-0.999673187113345	-0.668260289948293	1.17900555851744	0.406150257782489	-0.34878726620649	-0.781250472158145	-0.200137495893027	-0.647807420711454	-0.593525889315186	-0.710202402528217	-0.597462716192297	-0.633116334687979	-0.682254168350039	-0.461978935045974	0.306911404557154
ENSG00000148450	MSRB2	-0.0380678992780956	-0.280067566005896	-0.56829505950762	-0.478957964974947	-0.647656121127248	-0.389714714159744	-0.00447823996975728	-0.39215508784349	-0.504407594768749	0.159385860548527	0.17488911343854	0.21397380950002	0.00282489762030553	-0.285757488867069	0.569251770385114	0.903865656151337	1.40964549934854	0.28163014266403	0.217608435664187	0.213919087241446	-0.038347057064491	0.760170678572248	0.184593417633918	-0.151336781538595	0.343472359633388	0.383058789205748	0.223862976791107	0.0846402967726652	0.721386065899741
ENSG00000151023	ENKUR	0.529139966466566	0.277349368352174	-0.686738027035009	-0.608658200211607	-0.582314994060283	-0.224160916093695	-0.306169306623315	-0.0792987847356072	-0.221136120980581	0.848788608620063	0.676516268712655	0.783381320183381	0.308179348321021	-0.00552581617484623	0.462639347758898	0.774150239128339	0.807362819618963	0.486947187901934	0.00711093021605547	0.197324806870269	-0.0510922880904122	0.0431021532437824	-0.316284529257166	-0.100434173897642	0.492520901005561	-0.574725611898789	-0.233391078904053	-0.044223874108721	0.10907712325942
ENSG00000162763	LRRC52	0.00742586346010142	-0.00316754083354388	-0.00441152290536428	0.00732591509907207	0.000260373997160408	-0.0124591032171967	0.00230717817833369	-0.0210084647711031	-0.0145026312012029	-0.00942163661036776	-0.0212250034500158	-0.00520105615792459	-0.0196352174898857	-0.00447223223093627	0.0623479398743262	0.0470365234376721	-0.00181011110756675	0.0241481976713051	-0.00964557006679249	-0.00523778478249314	-0.0237624599586243	0.0297205133246683	-0.0119099144780848	-0.0204845536671007	0.00294315169618379	-0.0200071632117658	-0.00547666127368931	-0.0158040518518236	-0.0207206273105022
ENSG00000164252	AGGF1	0.437941019325829	-0.0516983012582446	0.257392547703503	-0.0335289501687417	-0.0436148792555033	0.110536292636088	-0.351695120371658	0.304622717377367	0.0951629321354358	-0.0726983411349562	-0.372227622934899	0.0344889657788505	0.197509127356811	0.351658198270372	-1.23311881787824	-0.521820003461102	-0.0915821595298351	-0.153715522884235	0.252832627143885	-0.19116697232882	0.712430959198877	-0.383019140994457	-0.0277603315938398	0.528428705064841	0.0435948051071376	-0.30282478359489	0.0203676291257946	0.217128011246788	0.416278091875443
ENSG00000164253	WDR41	0.00461583337508914	0.123478239662164	0.258436873784416	0.12492322469574	-0.0885496281487163	-0.342332303747728	-0.203778344813315	-0.123817121431513	0.137278715413169	-0.359414388018177	-0.0445941309830098	0.22038282920314	-0.144955413824654	0.590086138564019	-1.14831705713332	-0.424070682973494	0.0536295374827139	-0.00568222004335567	0.341838003697205	-0.0967767784416837	0.443458928306655	-0.611416916884758	0.139683833083614	0.178275175955158	-0.181798428202757	-0.0680874743474775	0.0312750024412725	0.138258791438768	0.0486417894186002
ENSG00000165309	ARMC3	-0.0280788274183341	-0.0580820068971447	-0.157855368792034	-0.158742509058366	-0.0566244340367881	0.181516263538903	0.215269791435277	0.196789164968817	0.0311553685934811	-0.0337340611303496	0.11888072872415	0.0596115655543461	-0.084276232691497	0.178623019781031	-0.0805653566116181	-0.143236326928556	-0.039827770062195	0.0615064828238178	0.0752503283664212	0.100163312151665	0.110581277125837	-0.0848530404042157	0.0863252286802541	-0.0637008884196772	0.158062101363576	-0.0641618760845295	0.0842204436988339	0.0461326098771879	0.0412870501470834
ENSG00000165312	OTUD1	0.134669681763042	0.811338780045403	0.382923434888118	0.221654179545801	0.044254778623387	0.125768940019448	-0.087687475791154	0.0507179499860685	0.241862152627253	-0.358557133265363	0.144958152248575	-0.171332475889117	-0.0485533538230346	-0.0583987180135047	-1.00897011825524	-0.472853488636184	-0.0898867964475517	0.184017444148282	0.563507358384583	-0.207733689529898	0.153448518251213	-0.588093073386223	-0.269660316017324	0.305421833633007	-0.347503223114997	-0.398288709531247	-0.251872615518831	-0.0836978094896331	-0.173177931669535
ENSG00000168267	PTF1A	0.050953076680336	0.0374770403293782	-0.020358821750482	0.00752992226156948	-0.0896898606211442	0.0498165942650271	-0.0856251878031364	0.196745842906499	0.0109344829401909	-0.0265019483361801	0.0331569767125208	0.0105402805901178	0.00607366249183568	-0.0390816747318385	-0.0537958447863653	-0.0613215348344069	0.0723723496581657	-0.0275021513306714	-0.0888696712830931	0.00734610271837347	-0.0466485956945744	0.0545818334707651	-0.0501019104140901	-0.0341097300924946	-0.0257300566517101	0.0212418146240834	-0.0299084829774484	-0.0299021018266503	0.280044533562494
ENSG00000168283	BMI1	0.675315441976529	0.311759069581479	0.922080643327933	0.500517150083472	0.230743111917318	0.357924259441154	-0.24104285802268	0.220995341333739	0.384991260025116	-0.253349995206749	-0.589370858159324	-0.328742537598813	-0.101065840047879	-0.331180730198725	-1.54938199763672	-0.575505606201643	-0.0176801558873376	0.0228084709847671	0.169976444299555	-0.614550430949235	0.309791321438631	-0.690690009085193	-0.387452243728953	0.308901049203595	-0.209583345573724	-0.741411543681257	-0.455970964758219	-0.206650106987728	0.173038031286852
ENSG00000171722	C1orf111	-0.104333117390254	0.157493399643762	-0.0563577646108612	-0.0588911284183972	0.109465406384452	0.363542851786538	0.103837429039093	0.0806914772674716	-0.0932292397674113	0.0261849915933063	0.00967648017100305	-0.0742043028323465	0.259414140926356	-0.0805796243998377	-0.0301528645626144	-0.00957666392777569	-0.135057240776644	-0.0322419394215394	-0.0672089687825563	0.00217558824011794	-0.0110604390476146	-0.0913958769288155	-0.0349100366094226	-0.0376347269215388	0.0194217864569646	-0.0606642625139174	0.104336159148697	0.109666040610063	-0.0924970809033343
ENSG00000179133	C10orf67	-0.0201282172913545	-0.0297502988840075	-0.0646317168554327	-0.0722291418378149	-0.0430657769200312	-0.00690408018519069	0.00476933515188895	-0.000603130782910619	-0.0207859504062532	0.0346392385876375	0.0345822731860181	0.0176578476213075	-0.0482770810760829	0.0360279150525291	-0.0382038102547314	-0.0159188151360953	0.0233672979060619	0.0453307954461808	0.0626975192901437	0.0430341926545045	0.0629111061730827	0.0191930296709401	0.0134894293361158	-0.0340279570202785	0.0447820258557253	0.0462307852903185	0.0732958830527635	0.0370887862993762	0.110154432517477
ENSG00000181104	F2R	2.47966042113207	2.81064553709979	2.19501781402763	2.06044939809516	1.66175354599175	1.07434767776274	0.389047985282723	0.933359205994833	1.45821659115216	-0.282401518194853	1.14797770064802	-0.250329211895891	-1.53184304244919	-1.18162919961697	-1.80650015653949	-1.46785107428856	-1.73693714083789	-1.51772922090098	-1.62674686092105	-1.47878771062723	-1.43693857095125	-1.77996410516019	-1.51296242099123	-1.39463088493055	-1.44901409833482	-1.87138825081724	-1.72615743906647	-1.51144254488646	-1.7861390679157
ENSG00000185630	PBX1	0.57150501408107	0.692459691849455	1.59874100016631	1.56142362090037	1.22519631938156	0.725193059894354	0.0960391951624776	0.817475160729591	0.920306113461805	-0.656263549604094	-0.338252112586962	-0.627978398226868	-0.0774487443873353	-0.287671919846693	-2.2587224614392	-1.39061269431512	-1.58974137384821	-0.549703437966397	-0.354678441987301	-0.889270111358286	-0.243992818675693	-1.55692743037289	-0.650982085813851	-0.0971968746150528	-0.81369489999143	-1.015454604197	-0.874162430189411	-0.722973961041101	-1.04825906082751
ENSG00000185875	THNSL1	0.33851036842635	-0.0903223450514321	0.664309951147185	0.390698751921198	0.232959511550894	0.145727469307707	-0.0766332811667507	0.156495745751652	0.236867200916618	-0.201794117496224	-0.519997217817134	-0.106495477081715	-0.278566963853574	-0.126486692858388	-1.12701587140959	-0.496659460481822	-0.0830858155363355	-0.212574825715922	0.383980305343425	-0.180667215988415	0.215227955278012	-0.631359809341188	-0.21806604005554	0.289898886259792	-0.0853983238577817	-0.505158814270042	-0.281465474822043	0.049093028983699	0.0309596955333628
ENSG00000188859	FAM78B	-0.281348892435022	-0.209587533555311	-0.114193147748645	-0.121256400183872	0.457956635288297	0.825655173162785	0.522985570203218	0.991236962526258	0.609838670033317	-0.808864212297083	-0.508840516852416	-0.102116609258539	-0.281230716927129	0.427939035862316	-1.52790380242681	-0.882145224867152	-0.420593823473122	0.113045195281005	-0.071431097033186	0.0143597901723555	0.515505289640929	-0.892355959634369	0.445877421409062	0.0343478127476987	-0.341595762512287	0.35505332090131	0.230294675584442	0.434693249949405	-0.00244344594767245
ENSG00000198842	DUSP27	-0.0951949634719688	-0.199576715556264	-0.177464566754386	-0.185647423570516	-0.139427092408632	-0.189588997511197	-0.118398765323453	-0.16154669424568	-0.221351864750844	-0.0546936584042272	-0.217067587881843	0.0189410064384172	0.128162864798152	0.337108786377726	-0.181206916611375	0.0704311893805524	-0.0474236477112208	0.0748023487123493	0.217059655129428	0.264591567931237	0.250626719271435	-0.0198174466033475	0.375877706373421	0.179404850500963	0.181933986202774	0.455605676533265	0.115961844060519	0.179333962656324	-0.00879979269957057
ENSG00000199849	RNU5F-6P	-0.000817881965966449	-0.000817881965966449	-0.000817881965966449	-0.000817881965966449	-0.000817881965966449	-0.000817881965966449	-0.000817881965966449	-0.000817881965966449	-0.000817881965966449	-0.000817881965966449	-0.000817881965966449	-0.000817881965966449	-0.000817881965966449	0.0259677524194348	-0.000817881965966449	-0.000817881965966449	-0.000817881965966449	-0.000817881965966449	-0.000817881965966449	-0.000817881965966449	-0.000817881965966449	-0.000817881965966449	-0.000817881965966449	-0.000817881965966449	-0.000817881965966449	-0.000817881965966449	-0.000817881965966449	-0.000817881965966449	-0.000817881965966449
ENSG00000200036	RNA5SP65	-0.00229241901411476	-0.00229241901411476	-0.00229241901411476	-0.00229241901411476	-0.00229241901411476	-0.00229241901411476	-0.00229241901411476	-0.00126826331537561	0.0110437304062016	-0.00229241901411476	-0.00229241901411476	-0.00229241901411476	-0.00229241901411476	-0.00229241901411476	-0.00229241901411476	0.0228516572968948	-0.00229241901411476	-0.00229241901411476	-0.00229241901411476	-0.00229241901411476	-0.00229241901411476	-0.00229241901411476	-0.00229241901411476	-0.00229241901411476	-0.00229241901411476	-0.00229241901411476	-0.00229241901411476	0.0191363793431358	-0.00229241901411476
ENSG00000200327	RNA5SP62	-0.00298570767180065	-0.00298570767180065	-0.00298570767180065	-0.00298570767180065	-0.00298570767180065	-0.00298570767180065	-0.00298570767180065	-0.00298570767180065	-0.00298570767180065	-0.00298570767180065	-0.00298570767180065	-0.00298570767180065	-0.00298570767180065	0.0471507434898663	-0.00298570767180065	-0.00298570767180065	-0.00298570767180065	0.0153930746350075	0.01602146941056	-0.00298570767180065	-0.00298570767180065	-0.00298570767180065	-0.00298570767180065	-0.00298570767180065	-0.00298570767180065	-0.00298570767180065	-0.00298570767180065	-0.00298570767180065	-0.00298570767180065
ENSG00000200331	RNU6-183P	-0.0061479845272885	-0.0061479845272885	-0.0061479845272885	-0.0061479845272885	-0.0061479845272885	-0.0061479845272885	-0.0061479845272885	-0.0061479845272885	-0.0061479845272885	-0.0061479845272885	-0.0061479845272885	-0.0061479845272885	-0.0061479845272885	0.0228235802706251	-0.0061479845272885	-0.0061479845272885	-0.0061479845272885	0.0960001212331765	-0.0061479845272885	-0.0061479845272885	-0.0061479845272885	-0.0061479845272885	-0.0061479845272885	-0.0061479845272885	-0.0061479845272885	-0.0061479845272885	-0.0061479845272885	-0.0061479845272885	-0.0061479845272885
ENSG00000201987	Y_RNA	-0.0105473296161655	-0.0105473296161655	0.00637025595861737	-0.00256415475755726	0.027525255718194	0.00217228801699558	0.0388242570426656	-0.0105473296161655	-0.0105473296161655	0.296026739635348	-0.0105473296161655	-0.0105473296161655	-0.0105473296161655	-0.0105473296161655	-0.0105473296161655	0.0262416197039177	-0.0105473296161655	-0.0105473296161655	-0.0105473296161655	-0.0105473296161655	-0.0105473296161655	-0.0105473296161655	-0.0105473296161655	-0.0105473296161655	-0.0105473296161655	-0.0105473296161655	-0.0105473296161655	0.0125033457162538	-0.0105473296161655
ENSG00000204566	C10orf115	0.0169995554857067	0.0482147798372397	-0.0498554335849813	-0.0566554365058776	-0.0199758548218753	-0.0249005049366768	0.0179038640107458	0.0375524017391403	-0.0388776801883133	-0.0150354927080821	0.0904861934084808	0.00867110254888056	-0.000766423705291022	0.0489439358240652	-0.027464897309219	-0.00312372964094122	0.0225332772566824	-0.0128308724943602	0.0126033254544967	-0.0157469136219045	-0.0729328853913205	-0.0241259735955993	-0.0134811874313695	0.0551303583953497	-0.028045790547155	-0.0222696722751458	0.0677000510896338	0.0421063758736712	0.149029508245559
ENSG00000206714	Y_RNA	-0.000716029123023604	-0.000716029123023604	-0.000716029123023604	0.00593486267812979	-0.000716029123023604	-0.000716029123023604	-0.000716029123023604	-0.000716029123023604	-0.000716029123023604	-0.000716029123023604	-0.000716029123023604	-0.000716029123023604	0.00424342344245945	0.00134431434940066	-0.000716029123023604	-0.000716029123023604	-0.000716029123023604	-0.000716029123023604	-0.000716029123023604	-0.000716029123023604	-0.000716029123023604	-0.000716029123023604	-0.000716029123023604	-0.000716029123023604	-0.000716029123023604	-0.000716029123023604	-0.000716029123023604	-0.000716029123023604	-0.000716029123023604
ENSG00000206990	Y_RNA	0.303615047625557	-0.140355206377138	-0.580653934686072	-0.709294723538267	-0.456409476529981	-0.246944522221041	-0.356576560610154	-0.2089865296778	0.365566651619851	0.812732734508711	0.541249776891779	0.529536835203491	0.0658804632763469	-0.487926421231061	0.839494530705145	0.820621828777724	0.858868210992633	0.799419351150189	0.560223404634808	0.285413462880066	0.33998908395355	0.696098849709753	-0.809925682018623	0.312074803349168	0.80300170877128	-1.42692213789159	-0.415649000179745	-0.150537971052956	-0.0048811312888484
ENSG00000207930	MIR603	-0.00597163551631664	-0.00597163551631664	-0.00597163551631664	-0.00597163551631664	-0.0017937306191059	-0.00597163551631664	0.0254732317316057	-0.00597163551631664	-0.00597163551631664	-0.00597163551631664	-0.00548029627955286	-0.00597163551631664	-0.00597163551631664	-0.00597163551631664	-0.00597163551631664	-0.00597163551631664	-0.00597163551631664	-0.00597163551631664	-0.00597163551631664	0.0650038856031178	-0.00597163551631664	-0.00597163551631664	-0.00597163551631664	-0.00597163551631664	0.039005256199933	-0.00597163551631664	0.0102076070545819	-0.000587394135004167	0.027504576941651
ENSG00000212527	RNA5SP63	-0.00212844785595714	-0.00212844785595714	-0.00212844785595714	-0.00212844785595714	-0.00212844785595714	-0.00212844785595714	-0.00212844785595714	-0.00212844785595714	-0.00212844785595714	-0.00212844785595714	-0.00212844785595714	-0.00212844785595714	-0.00212844785595714	-0.00212844785595714	-0.00212844785595714	-0.00212844785595714	-0.00212844785595714	-0.00212844785595714	-0.00212844785595714	0.0343015516282517	-0.00212844785595714	-0.00212844785595714	-0.00212844785595714	-0.00212844785595714	-0.00212844785595714	-0.00212844785595714	0.0311482199424304	-0.00212844785595714	-0.00212844785595714
ENSG00000213070	HMGB3P6	2.6375671906057	1.89410334249445	1.19939913905778	1.18932132710485	1.10502729215486	1.18761383969896	0.960926383922915	1.10634283007952	0.684324374824075	-0.0600681602029572	-0.742285296597444	-0.0735729054243283	-0.22266413072562	-0.515345920390988	-1.06654783123978	-0.897202103763778	-0.961846255013111	-0.888168148856438	-0.998960826709116	-1.15449826345763	-0.916337924795258	-1.03474800635588	-1.29172739077956	-1.22164426106028	-0.924731016003633	-1.23803421069269	-1.4477762943966	-1.43677791511556	-0.817335759848105
ENSG00000213763	ACTBP2	0.170959630426527	0.170959630426527	0.164372793138819	0.170959630426527	0.170959630426527	0.127512446317701	-0.242677628320989	0.137209156496247	0.170959630426527	-0.520232693502479	0.170959630426527	-0.0482693303808744	-0.0269987277736185	0.143759642465119	-1.36870167902543	-0.405121403083828	-0.347217767043703	-0.104409744420999	0.159354450206462	0.170959630426527	0.157000036506745	-0.763867415255097	0.170959630426527	0.129067988411562	0.110961049139336	0.170959630426527	0.170959630426527	0.165556732306488	-0.694577663395381
ENSG00000214890	CTD-2299I21.1	0.569371020517997	0.482457775481461	0.0735749110215024	-0.0609042455048813	-0.0641597806680028	-0.165506627621327	-0.438131951746175	-0.0115096855247599	-0.197429054365506	0.430472942211532	0.0951253398696162	0.176548528329277	-0.248820075327098	0.205492038873027	-0.578247944419537	-0.00660556552127115	-0.347225985063822	0.132474619535799	0.0938313483295967	-0.0712332469686646	0.294146855626889	-0.13757902660558	-0.0619962474214592	0.13400425224206	0.263960293547476	-0.24822736148386	-0.188338678392	-0.169221306248779	-0.134248682935905
ENSG00000215834	FMO9P	0.00398772119156995	-0.00241455503534398	-0.00194847438298862	-0.0001086578596875	-0.00113060507209048	9.28259941588571e-05	-0.000392352830049117	-0.00241455503534398	0.00174473391747752	-0.00241455503534398	-0.00241455503534398	0.00293481966506591	0.00212817148001264	0.0077168738755781	-0.00241455503534398	0.000684892147717173	0.00608301279950178	0.000768191094502602	0.00150874867610936	-8.49317926624504e-05	-0.00241455503534398	-0.00241455503534398	-0.00241455503534398	-0.00113534542910607	-0.00241455503534398	-0.00241455503534398	0.0010675477753407	0.00327563671711024	-0.00241455503534398
ENSG00000215835	RP11-9L18.2	0.941568466713899	0.762521086781642	0.478206363545675	0.837215971658619	0.551283510711394	0.708980687145178	0.48214633871356	0.750932323723318	0.39469366840778	0.183681875267101	-0.398193147761678	-0.141899877197743	-0.205546941647432	-0.290970742491905	-1.39518430061137	-0.335055174070618	-1.23447167473903	-0.776000491823052	-0.770866601999866	-0.302094220650076	-0.294231548713645	-0.455449798801074	-0.162906577917881	-0.759131716306528	-0.131300273628236	-0.11212160201181	-0.423553409001715	-0.471602400229174	-0.671107145546209
ENSG00000215838	RP11-466F5.6	-0.00300102749016428	0.0182168339200347	-0.0388431730125898	-0.0299716724240943	-0.0267993493761703	0.000792159936038005	-0.0153423497126517	-0.0175216138212094	-0.00414186133594267	1.92627663347748e-05	0.020151985693608	-0.0211183679748879	-0.0149639710726866	0.0113663873844076	0.012829272865515	0.0120637655248434	-0.0115832407457985	-0.0106428564045249	-0.0309601366831641	-0.00246117701070429	0.0517173994280046	0.0495146044762146	0.0413706017410422	0.0209663812166182	0.0735475279771664	0.0207344661506829	0.045265353863018	0.0433526576245696	-0.023081952929692
ENSG00000215952	MIR921	-0.0216522818470296	-0.0216522818470296	-0.0216522818470296	-0.0216522818470296	0.00272953721918334	0.0613604540071917	0.145716689546153	-0.0216522818470296	-0.0216522818470296	0.274781784870352	-0.0216522818470296	-0.0110273129871285	-0.000431334228972433	-0.00551467509809479	0.11214794518158	0.0248862350587944	-0.0216522818470296	-0.0216522818470296	-0.0180092022447771	0.0480861834611585	-0.0216522818470296	-0.0159708500572754	-0.0157401465249848	-0.0216522818470296	0.0272013335599135	-0.0216522818470296	0.034162893141501	-0.0216522818470296	-0.0216522818470296
ENSG00000222085	AC024568.1	-0.00333581605637819	-0.00333581605637819	0.00480526204970756	-0.00333581605637819	-0.00333581605637819	-0.00333581605637819	-0.00333581605637819	-0.00333581605637819	-0.00333581605637819	-0.00333581605637819	-0.00333581605637819	-0.000570655864581469	-0.00333581605637819	-0.00333581605637819	-0.00333581605637819	-0.00333581605637819	-0.00333581605637819	-0.00333581605637819	0.0494184316930699	-0.00333581605637819	0.0382242671977462	-0.00333581605637819	-0.00333581605637819	-0.00333581605637819	0.00656508829586908	-0.00333581605637819	0.00950145061516336	-0.00333581605637819	-0.00333581605637819
ENSG00000222316	AC008581.1	0.00996833599938849	0.0622569858841471	-0.0127969950052664	-0.0160298954043102	0.0126876367568606	-0.0151735144108226	-0.00274689820027184	0.00337334264619527	0.0244335363142067	0.0324636105813462	-0.0160298954043102	-0.0160298954043102	-0.0160298954043102	-0.0160298954043102	0.0129115330088138	-0.0160298954043102	-0.0160298954043102	-0.0160298954043102	0.0143270553508349	0.032366703599622	0.0564705908819407	0.0372390229593904	0.0194235622144341	-0.0160298954043102	0.0016824234587989	-0.0160298954043102	-0.00863565217511426	0.0234278797492009	-0.0030789050146301
ENSG00000223928	RP11-183E9.2	0.570559075713427	0.48833414294067	0.264356416379476	0.27700953382912	0.153817871247644	0.135115309962388	-0.0265492791442802	0.0801887590706078	0.395466025513872	-0.0888612961849783	-0.176508786112847	-0.0504252104393249	-0.0237360098744945	-0.0718906968632657	-0.586566842317874	-0.286188561950418	-0.0323304020001783	-0.0364573733346747	-0.175640383025384	-0.0972667714497193	-0.0333489086712889	-0.287447715011744	-0.178870651998393	-0.213910378994856	-0.232886474675827	-0.311175633426504	-0.222010804360002	-0.206845736507044	-0.224559719634137
ENSG00000224215	RP11-371A19.2	-0.02665400296771	-0.00821465203054634	-0.0873506078139472	-0.105433353190124	-0.0305534109173405	0.033244697073328	-0.0758790263839436	0.0207054490340493	0.0109741811729051	-0.0325033653291275	0.0908370839745022	0.0253792539004815	-0.123283426426705	0.0283937416345475	-0.0838489219530559	-0.0803887402570168	0.117941172040008	0.0758056036537694	0.110488455108629	-0.0136720287853306	0.0674808193369659	0.0653822169385851	0.0187853573147223	0.00799325341689364	0.125648756141952	0.203528910947874	-0.0324383033150103	-0.0123158579301706	0.0286896320536941
ENSG00000224702	RP11-38C18.2	0.0984834631206181	0.125701350233948	-0.0109801453992058	0.0134234233437298	0.0414893659962665	0.0373288289306194	0.00759338641304256	0.0786244399107732	-0.0163193428453867	-0.000908179930721971	-0.0278987797843735	-0.0118652170983926	-0.0306265343308328	-0.00585534479585303	-0.0306265343308328	-0.0260146255377492	-0.0195531435806927	-0.00678158140187013	-0.0175670978018376	-0.0272222921591604	-0.0306265343308328	-0.0306265343308328	-0.028974811467296	-0.0259267117501132	-0.0283330122712358	-0.0246998754734604	-0.0155315794646169	-0.02324176149439	-0.0306265343308328
ENSG00000225122	RP11-408E1.1	-0.00354708145396997	0.00358496199269867	-0.00354708145396997	0.000451182084568466	-0.00157420655138036	-0.00354708145396997	4.06140468672215e-06	-0.00354708145396997	-0.00354708145396997	-0.00354708145396997	-0.00354708145396997	-0.00354708145396997	0.0200880173086072	0.00765293007558406	-0.00354708145396997	-0.00354708145396997	-0.00354708145396997	0.0116543247811022	-0.00354708145396997	-0.00354708145396997	0.0214072113418644	-0.00354708145396997	-0.00354708145396997	-0.00354708145396997	-0.00354708145396997	-0.00354708145396997	-0.00354708145396997	-0.00354708145396997	-0.00354708145396997
ENSG00000225171	DUTP6	-0.266037489854291	0.41370159470942	0.0135770369709599	0.0725504598631704	0.10778808105488	0.7698253189248	0.450394044186546	0.212748481189676	0.0856272336613288	0.257386196263456	0.187188282549252	0.00259646196589462	-0.385074819170188	-0.378188982244993	0.0490550306634309	0.0318447055790347	-0.186028251222474	-0.249848532047782	-0.155077824851941	-0.17484228758387	-0.170852254674033	0.100127738814707	-0.240160383614941	-0.369443024025773	-0.0788672032698616	-0.0557645869155012	-0.184478250461555	0.185455527031747	-0.200383653053832
ENSG00000225272	RP11-466F5.4	-0.0469710822239593	0.0517589571486958	-0.0417843614478279	-0.0375394019490148	0.0572131462062487	0.0205966305310218	0.0110698630879061	-0.034307326093058	-0.0334368675750236	0.0388705265135074	0.125130163253421	-0.0123818421638615	-0.0351784435043867	-0.0286189878071232	-0.0232850759808312	0.0139215935979517	-0.0469710822239593	-0.0106357220331046	-0.00776346418883225	0.0956196622924497	0.00349097519501336	0.02024234619894	0.012450368507195	-0.0378193047725984	-0.0446074401313677	-0.0469710822239593	0.00548442211874043	0.0565325149736284	-0.0394611202872922
ENSG00000225325	RP11-479J7.1	-0.00683888764227374	-0.00683888764227374	-0.00512085716483319	-0.00492100597027037	-0.00683888764227374	-0.00258360056984178	0.0103089382218521	0.00961954585750797	0.00392789975846072	0.0347101393380579	-0.00683888764227374	-0.00683888764227374	-0.00683888764227374	-0.00683888764227374	0.0108329887595535	0.00347817248742002	-0.00683888764227374	0.026158434827559	-0.00081582779255404	-0.00683888764227374	-0.00683888764227374	0.00443185681979223	-0.000101283035075973	-0.00683888764227374	0.000585448295101344	0.00101058699664421	-0.00683888764227374	-0.00683888764227374	-0.00683888764227374
ENSG00000225407	CTD-2384B11.2	0.692547640861219	0.441746717350273	0.365845860723004	0.217080057271135	0.263943338684896	0.159546671333956	-0.022716348772349	0.0910492969222169	-0.054644969950763	-0.134306479834587	-0.0140552000968006	-0.162794016538348	-0.173427069302793	-0.192125362439531	-0.210155691761947	-0.202267160604704	-0.210155691761947	-0.148282886295783	-0.210155691761947	-0.210155691761947	-0.193913948692694	-0.210155691761947	-0.191682182517295	-0.198293054770244	-0.200013183902094	-0.205567803453332	-0.208931260120543	-0.201346834011731	-0.183214965800691
ENSG00000225719	NMNAT1P2	-0.00256025249127978	-0.00256025249127978	-0.00256025249127978	0.00406242125786641	-0.000627274813626655	0.00209994685270499	-0.00256025249127978	-0.00256025249127978	-0.00256025249127978	-0.00256025249127978	-0.00256025249127978	-0.00256025249127978	-0.00256025249127978	0.00193280695028071	-0.00256025249127978	-0.00256025249127978	-0.00256025249127978	0.0163583318975832	-0.00256025249127978	0.00181400160080353	-0.00256025249127978	-0.00256025249127978	-0.00256025249127978	-0.00256025249127978	-0.00256025249127978	-0.00256025249127978	-0.00256025249127978	-0.00256025249127978	0.0145642105211412
ENSG00000225755	RP11-267N12.2	0.0756363856746531	-0.00858055704331053	0.0653150625422581	0.0314145853571113	0.00663884443349791	0.000914711700309489	-0.063021088759868	0.0763588925181235	0.0306401459093294	-0.0537706603048351	-0.0547581487972422	0.0412804201393779	-0.0170322579420833	0.0730777623107054	-0.120531904060174	-0.0594606688253503	-0.111499843173683	-0.0442276360366683	0.0196238702615696	-0.00215424117863364	0.141597618612647	-0.1228823893088	-0.0339117714892562	0.0267784822102758	-0.01512048882035	-0.0831699513168043	-0.0767635369441558	0.0251316190384774	0.0206762454847689
ENSG00000227537	RP11-215C7.3	-0.00297002929701044	-0.00297002929701044	0.00103891529918176	-0.00297002929701044	-0.00297002929701044	-0.00297002929701044	0.0388620789247203	-0.00297002929701044	-0.00297002929701044	-0.00297002929701044	0.00696287039443211	-0.00297002929701044	-0.00297002929701044	0.0350390909220603	-0.00297002929701044	-0.00297002929701044	-0.00297002929701044	-0.00297002929701044	-0.00297002929701044	-0.00297002929701044	-0.00297002929701044	-0.00297002929701044	-0.00297002929701044	-0.00297002929701044	-0.00297002929701044	-0.00297002929701044	0.00632167919033785	-0.00297002929701044	-0.00297002929701044
ENSG00000227907	RP11-102C16.3	-0.00577581981576733	-0.00577581981576733	-0.00577581981576733	-0.000653382745299031	-0.00577581981576733	-0.00577581981576733	-0.00577581981576733	-0.00577581981576733	-0.00577581981576733	-0.00577581981576733	-0.00577581981576733	-0.00577581981576733	-0.00577581981576733	-0.00577581981576733	-0.00577581981576733	-0.00577581981576733	-0.00577581981576733	0.0547622714599557	0.00723258356011784	-0.00577581981576733	-0.00577581981576733	-0.00577581981576733	-0.00577581981576733	-0.0018273379254097	-0.00577581981576733	-0.00577581981576733	0.00480962090189247	0.0164967348257635	-0.00577581981576733
ENSG00000228219	NPM1P30	-0.0398405989948166	-0.0578533390939348	-0.0517597933063799	-0.0592104206467878	-0.0195438259240017	-0.0271903403141695	0.00556033236486956	-0.0365532041335741	-0.0521925075624566	0.100411100847111	0.164138337017601	0.0592979220159342	-0.0102076264684396	-0.0166439294730321	0.188426406451274	0.100227179625894	-0.0349060178659268	-0.0305363428896894	-0.0229750152741195	0.210842510083784	-0.0630890006095978	-0.0352212181209097	-0.0437375737339244	-0.0422326370728877	0.0463925377159056	-0.0520341624615095	-0.016530990557443	0.0248444066732741	-0.0149156630020407
ENSG00000228289	RP4-640E24.1	0.00217968275652937	0.0037957271793755	-0.00801185288901119	0.0186487369069356	-0.000838754488752558	0.0108787088988442	0.00782340096895204	-0.00801185288901119	-0.00801185288901119	-0.00801185288901119	0.00144157599040118	-0.00801185288901119	-0.00801185288901119	0.0143893995285138	-0.00801185288901119	-0.00801185288901119	-0.00801185288901119	-0.00073883024837873	-0.00801185288901119	-0.00801185288901119	-0.00801185288901119	0.00743830749823728	-0.00801185288901119	-0.00801185288901119	0.0230295934201075	-0.00801185288901119	0.00577803928456196	-0.00801185288901119	0.0197381908622787
ENSG00000229588	RP11-479J7.2	-0.253716446925414	-0.165984653150513	-0.0851613503075402	-0.170450617779624	0.0823999378715151	0.140569326107732	0.121884472763667	0.242619983238656	0.344137821682232	-0.27456539487472	0.0376504862916501	-0.0138638127100504	-0.0906534592216098	0.063093456890622	-0.386467909728558	-0.183215973105184	0.194941931561125	0.229612686808975	0.0351025240964003	0.0762649533129248	0.152509352206217	-0.228456746172624	0.175722186363442	-0.34041135567785	-0.249324335659819	0.138165868018875	0.18364434357897	0.271007616467886	0.0759140245108393
ENSG00000230175	RP11-466F5.3	0.913891283898493	0.835612712451032	1.10969722794591	1.1686411307047	0.677266579940769	0.724775481711031	1.36974715740215	-0.0581338407051541	0.877407781422218	-0.215322292351616	0.821461471224995	-0.168630033443587	-0.152170150523466	-0.882328410999921	0.110761362002512	-0.522008198033727	0.66942008725985	-0.425362295460204	-0.871541043287113	-1.15029413511862	-0.992132399848731	-0.0747440241700238	-1.0428958598237	-2.84222731297357	-1.75630619265608	-1.05510146285385	-0.877253508507821	-1.25921119980697	0.490996438412672
ENSG00000230231	FMO7P	-0.0041076386671172	-0.0041076386671172	-0.00232552515072248	0.00142868040312757	0.00287901761310008	-0.0041076386671172	-0.00182739566662648	-0.0041076386671172	-0.0041076386671172	-0.0041076386671172	-0.0041076386671172	-0.0041076386671172	-0.0041076386671172	0.0104335818931444	-0.0041076386671172	-0.000587403815516398	-0.0041076386671172	0.0201889124186679	0.00997842532547113	-0.0041076386671172	-0.0041076386671172	-0.0041076386671172	0.00233359965188203	-0.0041076386671172	-0.0041076386671172	0.00491598355330414	-0.0041076386671172	0.00275063022098534	-0.0041076386671172
ENSG00000230659	RP11-466F5.9	0.00273330560837648	0.00155345776851906	0.0450557933416838	0.0660884953085847	0.262484378227314	0.0245249097408543	0.0946074638899816	0.150442293860033	-0.0780429617876087	-0.0974651339149791	-0.0868843334417154	-0.0216606563882343	-0.0597234166865505	-0.122572952974784	-0.0244743414334623	-0.0869318668188884	0.173381536405865	-0.0836493825598687	-0.102517023493482	0.0439897365221433	0.251604334706118	-0.0836985217968099	-0.0938149894799996	-0.102356397820032	0.0100517114391143	-0.127063014576344	-0.0881230189895804	-0.0862581261921981	-0.0685967904022556
ENSG00000230748	RP11-541H12.1	-0.00375825328353283	-0.00375825328353283	-0.000741398070159733	-0.00128859519516027	-0.00375825328353283	-0.00375825328353283	-0.00375825328353283	-0.00375825328353283	-0.00375825328353283	-0.00375825328353283	-0.00375825328353283	-0.00375825328353283	0.00616197434614917	0.0078864626441183	-0.00375825328353283	0.00973563936148886	-0.00375825328353283	0.0306624130890593	0.00857590677048515	-0.00375825328353283	-0.00375825328353283	-0.00375825328353283	-0.00375825328353283	-0.00375825328353283	-0.00375825328353283	-0.00375825328353283	-0.00375825328353283	-0.00375825328353283	-0.00375825328353283
ENSG00000230898	RP11-9L18.3	-0.014621723714119	-0.00132095505667023	-0.0116510218782125	-0.00522325072631091	0.00321674956263765	0.0297196420507238	0.0467122225999226	-0.0101503191210194	-0.019904696324207	0.0858435712112645	-0.0269736299105921	-0.0124662335342933	-0.0148691006078828	-0.00705850087542679	0.0613887062148276	0.0425511879710613	-0.0280518834754596	-0.000363202005129783	-0.0167608422193316	-0.0151457306212535	-0.0280518834754596	-0.0134418218935766	-0.00773649887106728	-0.0171030105938509	-0.000608636581997032	0.00689272794859292	0.0223498410318216	-0.00483652876922614	0.0384307835647856
ENSG00000231422	RP11-80K21.3	0.00360273407594479	-0.00510515137212031	-0.00390627150114372	-0.00363590181236346	-0.00510515137212031	-0.00510515137212031	-0.00510515137212031	-0.00510515137212031	-0.00510515137212031	-0.00510515137212031	-0.00510515137212031	-0.00510515137212031	-0.00510515137212031	-0.00510515137212031	-0.00510515137212031	-0.00292438033991103	-0.00510515137212031	0.069361685065684	-0.00510515137212031	-2.77315542210807e-05	-0.00510515137212031	-0.00510515137212031	0.00117904419229512	-0.00510515137212031	-0.00510515137212031	-0.00510515137212031	0.000397251539974054	-0.00510515137212031	-0.00510515137212031
ENSG00000232223	CNN2P10	-0.00267934988474431	-0.00267934988474431	-0.00267934988474431	-0.00108846214721443	-0.00267934988474431	-0.00267934988474431	-0.00267934988474431	-0.00267934988474431	-0.00267934988474431	-0.00267934988474431	-0.00267934988474431	-0.00267934988474431	-0.00267934988474431	0.00263890555832162	-0.00267934988474431	-0.00267934988474431	-0.00267934988474431	0.0422842610544497	-0.000188585834214844	-0.00267934988474431	-0.00267934988474431	-0.00267934988474431	-0.00267934988474431	-0.00267934988474431	-0.00267934988474431	-0.00267934988474431	-0.00267934988474431	-0.00267934988474431	-0.00267934988474431
ENSG00000232341	RPL4P2	0.265070435535812	-0.0092674849401551	0.129897485613918	0.155993746838547	0.237626686299556	0.121021021349166	0.167351616289257	0.238361147338336	-0.0307138874304601	-0.141041373265476	-0.0533489922530274	-0.0752081004509406	-0.0764992740451181	-0.151374456488858	-0.152170355509224	-0.0920109933629225	0.0288992910955341	-0.078529128807631	-0.0959527462019645	-0.165974219758017	0.00133594164631334	-0.0900831143291999	-0.151400095122079	-0.156279757068281	-0.108005215864261	-0.12419884256409	-0.151176296218591	-0.150783781625028	-0.103459509899348
ENSG00000232995	RP11-267N12.3	-0.59738343270526	-0.558499296317036	-0.988651864949055	-1.1833752009249	-1.03051934327254	-1.27765347559494	-1.44707491186311	-1.10003741879655	-0.809280468290277	0.526143332979765	-0.641975639152626	0.83840544241241	0.394372080331839	0.94194373070628	-0.232480708111796	1.28570122079331	-0.272460641009278	0.545068276301802	1.19157962878944	0.995596771894871	0.768172486234458	1.32428680663288	0.493539633425063	1.19511637451267	1.10179185586448	0.454678353107991	0.648193879172976	0.689434674084994	0.971097226611073
ENSG00000234142	RP11-276E17.2	-0.00363831698704047	-0.00363831698704047	-0.00286028334095431	0.000783182227605544	0.00538949803487502	-0.00363831698704047	-0.00113990984673424	-0.00363831698704047	-0.003321391530025	-0.00363831698704047	-0.00363831698704047	0.00141779438311688	-0.00363831698704047	0.000459607839257505	-0.00363831698704047	-0.000243852595750648	-0.000736965308851638	0.0100580862002832	-0.00363831698704047	-0.00363831698704047	-0.00363831698704047	-0.00363831698704047	-0.00314491516981463	0.0232233915642921	-0.00363831698704047	0.00234675014108064	-0.00363831698704047	-0.000422861986387605	-0.00363831698704047
ENSG00000236206	RP11-306I1.2	0.0605716180238138	-0.0074368365814723	-0.0123652785958753	-0.00403682896165949	0.00842105981149346	0.126484446983226	-0.0143328629922247	-0.0026550505059429	-0.00496415775256645	0.0796761861469178	0.00187555925876452	-0.0336659955402715	-0.0406680746129224	-0.0130168045580541	-0.0394829899378493	0.0299926030778652	0.00946285352580664	0.0278685629814486	0.0113997038216476	-0.00875973670908838	0.00268001887966749	-0.0153021889783133	0.0172761909214203	-0.00687696028434308	0.00242869738097392	-0.0270378064304537	-0.0287528946338404	-0.0248611718138553	-0.0260020545989922
ENSG00000236364	RP11-525G13.2	-0.128351862726202	0.156137590046458	-0.101133842042766	-0.0806531437093117	0.120531087871959	0.156303127717212	0.051326754454771	0.0545278951971892	-0.100794305401815	-0.143269253548871	0.0280767952791996	-0.0462468551390136	0.0101157750966404	-0.00213808983130062	-0.0684443426690731	0.000389951505211992	-0.0507105084499842	-0.0346030990215265	-0.0924303808308975	0.15151136060012	-0.0957839337229476	-0.0093246169457992	-0.00255925035391067	-0.0380880666363539	0.0388141845694012	-0.0827874111458035	0.179628351197907	0.220765735440767	-0.0757454843620272
ENSG00000237463	RP11-280O1.2	-0.00964568757860771	-0.00899054983805435	-0.00707840808791913	-0.000350631415778152	0.0029152985234867	0.00163125167205219	0.00348714184683725	-0.00400150466705749	-0.00141611218866741	0.00791004388801684	0.014680382187832	0.0240575451032286	0.0274103954657168	0.0113899096144316	-0.0110893590849197	0.00127394916201458	0.00467286528323512	0.00702917961800048	-0.0047597459448905	-0.0060157760415256	-0.00210576700517913	-0.00596402325020908	-0.0120895254242538	-0.00960474652681449	-0.00621952996702763	-0.00540313400767956	-0.0031288566155653	-0.00702745360734429	-0.00866002277910553
ENSG00000237756	RP11-77M5.1	-0.00769820544302191	-0.0145340762623066	-0.0116499861905873	-0.00954971842599074	-0.00301062924909825	-0.00539729264612915	0.00533348332804431	-0.0145340762623066	-0.0145340762623066	0.127138141348035	-0.00409323714424519	-0.0145340762623066	-0.0145340762623066	0.00428666359516076	0.0348754106782735	0.0470054052173043	-0.0145340762623066	0.00152740839152062	-0.0145340762623066	0.00744174026265971	-0.0145340762623066	0.0101926429201169	0.0033777239256292	-0.0145340762623066	0.0313672466408971	-0.0145340762623066	0.0140496557399879	-0.00372656806602478	0.0165674157302278
ENSG00000237783	RP11-306I1.1	-0.0023168832491881	-0.0023168832491881	0.000630877237908812	0.00466524089520024	-0.000876126637848143	-0.0023168832491881	0.0177100729909358	-0.0023168832491881	-0.0023168832491881	-0.0023168832491881	-0.0023168832491881	0.000834421483366131	-0.0023168832491881	0.00218638408759784	0.0102083090856717	-0.0023168832491881	-0.0023168832491881	0.00402943046330497	-0.0023168832491881	-0.0023168832491881	-0.0023168832491881	-0.0023168832491881	-0.0023168832491881	-0.0023168832491881	-0.0023168832491881	-0.0023168832491881	-0.0023168832491881	-0.0023168832491881	-0.0023168832491881
ENSG00000238022	RP11-38C18.3	-0.00177795925378542	-0.00177795925378542	-0.00177795925378542	0.000725587999164631	0.000590220434681376	-0.00177795925378542	0.00990259524284823	0.00215196511719823	0.0141283484911467	-0.00177795925378542	-0.00177795925378542	-0.00177795925378542	-0.00177795925378542	0.00330789807100506	-0.00177795925378542	0.00629788200578589	-0.00177795925378542	-0.00177795925378542	-0.00177795925378542	-0.00177795925378542	-0.00177795925378542	-0.00177795925378542	-0.00177795925378542	-0.00177795925378542	-0.00177795925378542	-0.00177795925378542	-0.00177795925378542	-0.00177795925378542	-0.00177795925378542
ENSG00000238325	snoU13	-0.00110930173383515	-0.00110930173383515	-0.00110930173383515	-0.00110930173383515	-0.00110930173383515	-0.00110930173383515	-0.00110930173383515	-0.00110930173383515	-0.00110930173383515	-0.00110930173383515	-0.00110930173383515	-0.00110930173383515	-0.00110930173383515	-0.00110930173383515	-0.00110930173383515	-0.00110930173383515	-0.00110930173383515	0.0204193689524469	-0.00110930173383515	-0.00110930173383515	-0.00110930173383515	-0.00110930173383515	-0.00110930173383515	-0.00110930173383515	-0.00110930173383515	-0.00110930173383515	-0.00110930173383515	-0.00110930173383515	-0.00110930173383515
ENSG00000238515	snoU13	-0.00198930649040435	-0.00198930649040435	-0.00198930649040435	-0.00198930649040435	-0.00198930649040435	-0.00198930649040435	-0.00198930649040435	-0.00198930649040435	-0.00198930649040435	-0.00198930649040435	-0.00198930649040435	0.0164936454697955	-0.00198930649040435	-0.00198930649040435	-0.00198930649040435	-0.00198930649040435	-0.00198930649040435	-0.00198930649040435	0.0289006353871158	-0.00198930649040435	-0.00198930649040435	-0.00198930649040435	-0.00198930649040435	-0.00198930649040435	-0.00198930649040435	-0.00198930649040435	-0.00198930649040435	-0.00198930649040435	-0.00198930649040435
ENSG00000238961	SNORA47	0.974523993981812	-0.169893213040306	0.100192759924629	0.45009448315058	0.222607482730112	0.389889602119281	1.64724417098849	0.103162622517681	-0.339092840163929	1.28546925274058	-0.445883882675598	-0.273494038242162	-0.287549200411297	-0.649451876579873	1.37953052858605	0.38803830451323	0.469690459258578	-0.692935722424844	-0.703933005739927	-0.571404498247668	-0.645708797223824	0.90460985470782	-0.595977253112854	-0.694331060978004	0.434112014580532	-0.661133508312079	-0.43592875368375	-0.52160637718454	0.144120737403857
ENSG00000239887	C1orf226	0.786443919508106	1.33222911494008	-0.341284330357592	-0.127416691426972	0.24121809594403	0.552082970379397	0.117777869671624	0.218350190522136	-0.0223334864604811	0.199232209325558	0.36588795881517	-0.0820516225088726	0.173947708614482	-0.149211883362318	-0.322039718532689	0.0698496813356122	-0.317115553754354	-0.39331990183577	-0.513857814578734	0.0269969762844858	-0.194448376723478	-0.327118346551508	-0.0205785285660919	-0.210395636308828	-0.0198464532987329	-0.00557551833923992	-0.0228244958651289	0.15238588883491	-0.570010760786487
ENSG00000244019	RPS2P24	0.0394210038506542	-0.0153672670165792	-0.00381471274978164	-0.000637600807358472	0.0343664331255114	0.0368180758530569	0.0404053598703911	0.126562807962197	-0.0206048516103226	0.0224228879442468	0.00331161455574017	-0.00201120470409643	-0.00607039158636485	-0.0130555040318683	-0.0257901097808472	-0.020004550053836	0.0368326275995604	-0.00724792784607891	-0.0201573626682532	-0.0122638716481504	0.0218017510825124	-0.0148523239105189	-0.0257901097808472	-0.017300467383795	-0.0257901097808472	-0.0257901097808472	-0.0257901097808472	-0.0216079576343999	-0.0257901097808472
ENSG00000244363	RPL7P23	0.445525971151313	-0.0125167921080724	0.205378304946593	0.167955838837537	0.251970481229595	0.13024449306124	0.285127483294851	0.217309632565833	-0.04620668857008	-0.0849115855274502	-0.0759261745751791	-0.117181771508844	-0.0873395476743527	-0.243392161497859	-0.209065079009763	-0.157885704716821	0.245621697628629	-0.0716518254124989	-0.174443929408314	-0.227703959678879	0.236890758603193	-0.161727660833853	-0.205572772909034	-0.179672001146285	-0.154520711279416	-0.26105258080119	-0.179594231529462	-0.244794547720766	0.0804226870545054
ENSG00000245556	CTD-2037K23.2	-0.114160426952871	-0.192189496382831	0.0861643066120669	-0.197544389709184	-0.187578060161417	-0.0570903706612805	0.0119417602324509	-0.0428132597295669	-0.218533755834095	0.149029590433418	0.0907412958122272	0.17806718629733	-0.457669921556091	-0.313208498744745	0.0646891322249126	0.311413201829645	0.821857533983712	0.626976155499346	-0.183832891397637	0.154910995770499	-0.12428836206891	0.202427085867213	-0.152783334588137	-0.372842242381813	-0.0297595526427767	-0.0107736475151751	-0.238701780064193	-0.11496652944033	0.339138950342156
ENSG00000249372	ATP6V1G1P6	-0.0091109502268138	0.00203388144212921	-0.00566640840770983	-0.00615268059776445	0.0159315494089046	0.00144351816353884	-0.0091109502268138	-0.0091109502268138	-0.0091109502268138	-0.0091109502268138	-0.0091109502268138	-0.0091109502268138	-0.0091109502268138	0.0103043599341986	0.000299072513524961	0.00557950822905968	-0.0091109502268138	0.02602412463224	-0.0091109502268138	0.0314019239021587	-0.0091109502268138	-0.0091109502268138	0.0239101769303768	-0.0091109502268138	-0.0091109502268138	-0.0091109502268138	0.00364831419801926	-0.00358869914794299	-0.0091109502268138
ENSG00000250615	CTC-564N23.2	-0.563417878102679	-0.0955080347050782	-0.343302765906676	-0.453661657933721	0.00708283537415173	-0.00446187989745561	-0.325748988082862	-0.135001395427806	0.283654857926098	0.161546512309242	0.691933195494349	-0.0715253643084575	-1.41343646139636	-0.493028407975008	0.187170395382629	0.474261075086821	-0.308107530666577	-0.120628847154924	-0.0957212574584279	0.353104012277537	0.300962224386806	0.517975163106704	0.821602942214943	-0.143479031564841	0.516051854200627	0.793043951940676	0.0688545681179587	0.712323414006974	-0.514985020638574
ENSG00000250802	ZBED3-AS1	0.0601347688435654	0.26214043793505	-0.0191718158040915	-0.0351561235155554	-0.0507623965423738	0.0928245110777148	-0.030809936602229	0.0271914415111548	-0.111140572328837	0.128493693257114	0.525589011920507	-0.0415037705277298	-0.16640387272158	-0.0545308331578714	0.00601069058853005	0.0785217054125866	-0.0797160163671374	-0.0481658208405521	-0.0947661319864009	-0.0668507153395165	-0.0921618569001597	0.16406672743941	-0.0276190698976207	-0.136102535991198	0.0706478977858273	-0.0849912328456958	-0.0100056066212682	0.00545967151905352	-0.11173738713893
ENSG00000251400	ALDH7A1P1	1.26972311920087	0.674252449460606	-0.607860022922198	-0.420604340231037	-0.531878063753252	-0.353699167892428	-1.02370379632974	-0.306615889450535	-0.495422187095111	0.837146639071228	0.545567672905904	0.299790617883543	-0.360057929438821	-0.410856459875192	0.235742649709084	0.867472951204831	-0.26996627432894	-0.0672907338856792	-0.106081261619747	0.750878712846805	-0.0540713884324584	1.11959406285489	-0.0201744271017369	0.0505554576403521	1.2733672847482	-0.45917146488019	-0.144588742432109	0.0795867056644853	-0.0611705164555848
ENSG00000251566	HMGB1P35	-0.0771164627019323	0.0234314740679142	-0.0748420011992022	-0.0959024518612322	-0.0274660468359971	0.123274936059833	0.0575694675864041	0.088497561761723	-0.104497169259025	0.325556111914986	0.26548721386116	-0.0143481539261388	0.0414966587830258	-0.0141996012294623	0.0743095158182801	0.0919683227133764	-0.0148654199154993	-0.0811383443954332	-0.0176561691861597	0.024505982996232	-0.0772489300011574	0.0593227597138739	-0.03862894931767	-0.105399120640117	0.119400523018208	-0.0239902845740783	-0.00284494242680235	0.164629654213565	-0.0667681482619139
ENSG00000251605	CTD-2037K23.1	-0.00172633727093186	-0.00172633727093186	-0.00172633727093186	0.00194785753084506	-0.00172633727093186	-0.00172633727093186	-0.00172633727093186	-0.00172633727093186	-0.00172633727093186	-0.00172633727093186	-0.00172633727093186	-0.00172633727093186	-0.00172633727093186	0.0108654286893675	-0.00172633727093186	-0.00172633727093186	-0.00172633727093186	0.0183280295188948	-0.00172633727093186	-0.00172633727093186	-0.00172633727093186	-0.00172633727093186	-0.00172633727093186	-0.00172633727093186	-0.00172633727093186	-0.00172633727093186	-0.00172633727093186	-0.00172633727093186	-0.00172633727093186
ENSG00000252049	SNORA40	-0.0139351953068193	-0.0139351953068193	-0.0139351953068193	-0.00639013600822581	-0.00686612723961804	-0.0139351953068193	-0.0139351953068193	-0.0139351953068193	-0.0139351953068193	-0.0139351953068193	-0.0139351953068193	0.0211993292702458	-0.0139351953068193	0.00665383277933036	-0.0139351953068193	-0.0139351953068193	-0.0139351953068193	0.0244836609493394	-0.0139351953068193	0.0436493857804637	-0.0139351953068193	-0.0139351953068193	0.0248891766743524	0.0299992887723682	0.001811326802463	-0.0139351953068193	0.0362496194587193	0.0329065117849026	-0.00394702570227712
ENSG00000252684	RNU6ATAC36P	-0.0180161957471815	0.00623160594110147	-0.0180161957471815	-0.0180161957471815	-0.0180161957471815	0.0301308931435951	-0.0180161957471815	-0.0180161957471815	0.0233745538366791	-0.0180161957471815	-0.0180161957471815	0.00609493209741983	-0.0180161957471815	0.00930427787018429	-0.0180161957471815	0.0331430641935875	-0.0180161957471815	-0.0180161957471815	0.0722379982922097	0.0184354527081829	-0.0180161957471815	-0.0180161957471815	-0.00645480406335464	-0.0180161957471815	-0.0180161957471815	-0.0180161957471815	0.0498242009773261	0.0416454417044012	0.0607257982001258
ENSG00000253558	CTD-2179L22.1	-0.0154754557672799	0.00581930698114402	-0.0112449292901222	-0.0128761975384425	-0.0109840487416006	0.00693274420780399	0.0172198607428991	-0.00861412100743186	-0.017288999315991	0.0447164266349713	-0.0182216746280074	-0.0144053358645146	0.00946979206871489	0.00168061967883123	0.042835337774181	0.0275140064322781	-0.0230873599079584	0.0132856836558451	-0.00532282353310503	0.00630795857522876	-0.00640058833033159	0.0282418001421538	-0.0114564510647597	-0.00376444710969324	0.032086497367422	0.0013552099717813	0.0270654595663618	-0.00478655897467475	-0.0122464507322639
ENSG00000253572	RP11-107N7.1	-0.00553960198905707	-0.00553960198905707	-0.00553960198905707	-0.00332849940279396	-0.00106738030085649	-0.00553960198905707	-0.00553960198905707	-0.00553960198905707	-0.00366399490305229	-0.00553960198905707	-0.00553960198905707	-0.00232094634097399	-0.00553960198905707	-5.30637875951876e-05	-0.00553960198905707	-0.00553960198905707	-0.00553960198905707	0.00785294738816378	-0.00553960198905707	0.00193435248420338	-0.00553960198905707	0.00829529720030192	-0.00270081428763208	0.000177251854338381	0.0421398656129481	0.0222513671147761	0.00295904305056409	0.0122465578898735	-0.000447246527580937
ENSG00000254706	RP11-565P22.6	-0.00162763086118825	0.728323457327439	-0.394098965022103	-0.346387913740192	0.0872202326328895	0.0740749901928225	-0.426139130663929	0.184289986242447	-0.262410526580077	-0.717054361435443	0.0377373479321831	0.0120272954398837	0.32420616903267	0.978669333191267	-1.33395067030456	-0.887821473572543	-0.957682759990263	-0.0179806274376332	-0.102617444075472	0.203338431257318	0.551310044025491	-1.11060525828051	1.02773770736808	0.87108117543486	0.148649779461176	1.12054171714108	0.871153724430365	0.420272402730251	-0.39451735304035
