ensg	symbol	Adipose_Tissue	Adrenal_Gland	Bladder	Blood	Blood_Vessel	Brain	Breast	Cervix_Uteri	Colon	Esophagus	Fallopian_Tube	Heart	Kidney	Liver	Lung	Muscle	Nerve	Ovary	Pancreas	Pituitary	Prostate	Salivary_Gland	Skin	Small_Intestine	Spleen	Stomach	Testis	Thyroid	Uterus	Vagina
ENSG00000171722	C1orf111	0.168334977354512	0.540332690933416	0.178950028463216	0.0367077188471289	0.24896971470084	0.309832029289969	0.554307983871134	0.340386779943665	0.364324529887725	0.230868628602201	0.287515056614986	0.0842493043138042	0.248694569036627	0.461440067461454	0.204195286679959	0.0549077117261513	0.44956292097548	0.164630048819584	0.137158425916878	1.37059091620464	0.364914248397139	0.633936110634234	0.298596604431895	0.279288675978268	0.0473757621881196	0.509015584434908	5.3350888825414	0.130283188571803	0.294243956492389	0.275795240805338
ENSG00000239887	C1orf226	2.09161545875285	2.54141746294457	2.44785938072411	0.7333842442409	2.88866285161961	1.87315960138256	3.22064664243844	2.96449242611562	3.89852330202332	2.81545249819281	3.01666544435322	1.57597190128115	3.24845989686948	3.81401678302858	2.57323901203162	0.625509483418926	3.11651527121769	1.80005439936989	1.65883144775332	4.01396774485334	3.36659704867743	3.47566657650661	2.38773520011955	3.42603929618989	1.02917363765797	3.61927380181682	2.75284375624534	1.48438601687369	2.66716829242002	2.33244490013875
ENSG00000143248	RGS5	5.62202566054251	5.30921517366041	5.61937316321429	0.672426549237461	5.67132763462353	5.40156573214895	5.55412454370961	5.575631624258	5.38341461643857	5.3441827636317	5.63406354006727	5.57868061693562	4.47316061387716	2.78621892528854	5.28140878520717	5.59683710535747	5.45219893407569	4.73164861100431	3.54363970924097	5.50657198728257	5.63834360401146	5.09456016898071	3.65066748893247	5.42418685825258	3.89176399371025	5.56009021297671	4.95301890628053	5.67013045658197	5.59330885735214	5.34243172258338
ENSG00000225755	RP11-267N12.2	0.0181819781614567	0.0257840661223213	0.0206251142759374	0.0122936646358398	0.0191701054000942	0.0154047616428042	0.0229643781517164	0.0164239146801082	0.0205125780176537	0.0188166369568692	0.0398105710109586	0.0100675956700422	0.00882998664276766	0.0220033093932105	0.0188049081295953	0.00900776080816303	0.0539313738059343	0.0328467439113365	0.0217537905077216	0.032777744961874	0.0353502912394089	0.029156722257638	0.0279966560782067	0.0443809195866345	0.0378419812510571	0.0279703642138227	0.0864242878546075	0.0435107152785742	0.0219560834464193	0.0328698560146896
ENSG00000232995	RP11-267N12.3	0.489593843885554	0.71798652253462	0.81669914318501	0.324849010993665	0.587577710290224	0.464619456523659	0.680097240956297	0.930430784836917	0.646746320111749	0.596334305939448	1.04180176861428	0.349446366576299	0.572707346635113	0.332220555818609	0.61006035163818	0.22669033481479	0.944945862318393	0.943295955749492	0.398612061486334	0.970136140881909	1.24503744660948	0.784198480156715	0.617248084407369	0.851832531265682	1.01706981988059	0.640509787808558	2.14490846455279	1.21794596566971	0.860518519880507	0.71696931415255
ENSG00000237756	RP11-77M5.1	0.0847699550685696	0.111946821811867	0.124477175478795	0.0610932076618616	0.0934398108032781	0.0284223484952278	0.133544326367363	0.118211299222829	0.120011242170385	0.0993843328578135	0.277328463450201	0.0480143637567298	0.0539006530478963	0.0405872547247204	0.100016624980467	0.0395949532822132	0.246812250473395	0.182556554516814	0.0862028854555542	0.140727831213574	0.213831607709073	0.192193808968863	0.159007008908444	0.216936181097779	0.187367738028091	0.110235514063508	0.405632439756691	0.229397565789696	0.133309472177963	0.153685581110446
ENSG00000143228	NUF2	0.697948801282906	0.776311174448503	0.698562068259604	1.48882361442819	0.554108336316185	0.537973852664622	0.668719227053011	0.862943400209786	1.06950789776406	1.38421134442324	0.639165837737663	0.259047545884784	0.402364374042877	0.313346228736162	1.2229448746129	0.112116139781329	0.913376141925211	0.742115434422498	0.205931465031904	0.441122986356985	0.693325166263388	0.979756735642564	2.13510675956537	1.93782142718332	2.3116248295647	1.01248171054727	5.34543257389967	0.61616502078493	0.629052622044596	1.66838850789666
ENSG00000225122	RP11-408E1.1	0.0028051884619544	0.000989227377620258	0	0.000608881575904653	0.00712225800889139	0.00154781880750036	0.00249505467193077	0.00659859890937073	0.00225075952233676	0.00182841995887995	0	0.000422738087348503	0	0.000563536307161889	0.00273946839951759	0.00146256570841061	0.00129686910218507	0.0026866176943199	0.000526731642869328	0.00442171565259827	0.003825888396337	0.00122074813482051	0.00122221361878365	0.000680953733631068	0.00278430943277085	0.00115500824390279	1.08147828395784	0.00204726319030532	0	0.000609533623624669
ENSG00000200327	RNA5SP62	0.0010593982871164	0.00338999753041226	0	0.00090679797272412	0.00428275899704517	0.00122097386839627	0.00161913846591045	0	0.00248588560283552	0.00119260387367584	0	0.00127415948669311	0	0	0.000826072843152074	0.000861060345524291	0.00161097100527522	0	0.00104610829085931	0	0.00195942150705002	0.0050533759308183	0.000740920275742018	0	0.00162239744380654	0.000829956518615469	0.00883600264644213	0	0	0
ENSG00000212527	RNA5SP63	0.000364649470799593	0.00160055842390976	0	0	0.00214647108677143	0.000465202643752471	0	0	0.0019542580190026	0.000225180909799151	0	0.00015878790300617	0	0	0	0	0.0015460195884826	0	0	0.00184223432543344	0.0021300196028988	0	0.000547433288880273	0.00185735557023424	0	0.00148263810967469	0.00302666148245529	0	0	0
ENSG00000228289	RP4-640E24.1	0.0283295505566862	0.0213934833673425	0.226341239521248	0.00136592556912325	0.0111475443788279	0.00673686691922121	0.0173451682092388	0.114398083244303	0.184972161474085	0.115000983874421	0	0.0192928848296456	0.0340359407855309	0.0104045954007416	0.095645796923928	0.00467267213102137	0.000734961997991482	0.0138885317486856	0.00403308890806417	0.0140300729607127	0.12900787384091	0.00747961187258097	0.0432552910332736	0.261477769894535	0.00530995471199211	0.0436700142818642	0.0252051160566326	0.010952969426733	0.145008202948173	0.163179755203145
ENSG00000225719	NMNAT1P2	0.00106171783718578	0.00167299725583705	0	0.00116318007907684	0.000772252265118253	0.0004241671488985	0.00101708223704991	0	0.000921739836052484	0.000964031017159091	0	0.000530060193043238	0.000999809032973177	0.000720693160518699	0.0012021031406708	0.00028768706297019	0.000748424651245352	0.000803956507233779	0	0	0.000727862825653949	0	0.00140688378375968	0.00118792275537098	0.00125571314648603	0.00117951498025577	0.0120356226123506	0.000662344345573746	0.00472377986974073	0
ENSG00000199849	RNU5F-6P	0.0015842275640323	0.00164906707273394	0	0	0.00149663866604072	0	0	0	0	0	0	0	0.006450034315076	0	0	0	0	0.0117554115822351	0	0	0	0	0.000249374669096156	0	0	0.00125689220648103	0	0	0.00746777600489994	0
ENSG00000213070	HMGB3P6	0.0178529413447664	0.0391171680399657	0.00755216911909032	0.0308971108200529	0.0113083171422367	0.0217131230121393	0.0202201045420727	0.0123292656678051	0.0256580093347452	0.024920536491422	0.0723274137549091	0.0110693107948874	0.0241029316879567	0.067460461675881	0.0453609981896694	0.0607048693797324	0.0697414790258027	0.0177246754360245	0.0193964283825889	0.0128832460539669	0.0307426646332381	0.0357307929729784	0.0513802591098842	0.0297886240036225	0.0362592581440422	0.0181407544633834	0.113374783771582	0.0301055802393451	0.017677184109638	0.0149102434816304
ENSG00000185630	PBX1	4.26400046910968	4.52722141701288	5.27764621723433	0.744915883788043	4.73163746172914	3.54415686677601	4.67235548058653	5.57596397087225	4.86107190787471	4.73103173628903	5.6724253419715	2.99675324949526	3.13088013239883	1.16879250945352	4.19232070099024	4.02508526577545	3.69858199641946	5.36786785309483	3.68479924016531	4.06364989928953	4.78329850656226	4.30861991093722	3.68311079878093	3.80200897695329	2.84892994121017	3.79952860809899	2.50073814632669	4.66389028983784	5.6686672051818	5.17139174440493
ENSG00000271917	RP11-506O24.2	0.0698135299407945	0.0892558276033066	0.0905540785214802	0.00146202858004178	0.0877153987668131	0.0193481768134849	0.123494333262125	0.359015834886208	0.100883979316549	0.109266822113845	0.192659943303408	0.0403239392124935	0.0417524688392414	0.00759244477602926	0.0788336993379419	0.0447809997284818	0.0723841939806636	0.222715258846298	0.0722523133346567	0.0582249181489215	0.139340961775734	0.115159472270462	0.058277632362663	0.0654468551676399	0.0212250917749228	0.0636698719059603	0.0295977154432334	0.119770892484491	0.479295182583717	0.31123968017826
ENSG00000201987	Y_RNA	0.000639930309992843	0.00413850058038262	0	0.000857598792558565	0.00183149244239837	0.00151082447151748	0.00249816733343308	0	0.00400141907392817	0.00281734333400012	0	0.00116978911296626	0.00286739962269314	0	0.00206109036814249	0.00253427706319449	0.00481662894075875	0.00665556177949528	0.00105199900969298	0	0.00303704066102863	0.0132126842224553	0.000914966463853118	0.00154802345528126	0	0.00117343649263027	0.000965574432575183	0.00588508541255884	0.0110137442663423	0
ENSG00000224702	RP11-38C18.2	0.0677974570218664	0.00281702974322765	0.0261958567131533	0.000748144239734289	0.0154316606672099	0.00335777393666074	0.0391904945487817	0.0150045234444449	0.0124087755102604	0.0313841824568442	0.0151877932350149	0.00379837652055761	0.000667535486751273	0.00354160395336977	0.00836042935586571	0.0122284585872804	0.0295274376040968	0.00383922892742114	0.000625537126677586	0.225600565835928	0.0122340878987045	0.0165878467325623	0.0115191592648414	0.02106232439127	0.00146901762041863	0.00870364073952186	2.24856637475519	0.0225916052533993	0.0132873492763698	0.0327723688642739
ENSG00000238022	RP11-38C18.3	0.0139442370762443	0.00247553259199087	0	0.00159860871664039	0.00526748534550658	0.00200240689209822	0.0166487947362508	0.00926670556768079	0.00456754772576452	0.00864804817337845	0	0.00142211999654913	0.00217091774226628	0.00166758632494101	0.00520230937523848	0.00436176675329644	0.00687045471524321	0.00425874863665494	0.00312303737337999	0.0629001977122138	0.0191668174009353	0.00523944389051152	0.00532055015290126	0.00840998292855956	0.00155981895719378	0.00236171703575868	3.66168384354305	0.0079718519499404	0.010476734113734	0.0104445663476357
ENSG00000143171	RXRG	1.81033679528336	0.581967596906514	1.62192838173643	0.054696622339275	0.901376811349217	2.83725804748647	1.37231657182645	2.12112360336861	2.07239449074928	1.99750701373896	1.47802251516647	1.70364480479884	0.27785650572648	0.283283216870909	1.92430202314812	3.93023228838554	4.45724228634439	1.18116496143688	0.776497252501548	5.20493930907154	1.32486786230897	0.983483507344512	0.922379635540681	1.43316897491345	0.638470056820925	1.15549683856703	1.49621401589867	1.36027805372739	0.957791660070677	1.9167425061363
ENSG00000237463	RP11-280O1.2	0.0102024859296151	0.00420313948359157	0.00110874974015483	0.00189130239271057	0.0103763147122195	0.0179402318356879	0.0119489900346673	0.0571967300124373	0.0477737017457298	0.0123138166079186	0.017115055267837	0.245695094232968	0.115766775844665	0.0024795180321513	0.16568113612068	0.205573389750733	0.00861629691239978	0.00878951953811505	0.00291968003145675	0.292092413939437	0.0152130722171817	0.0104815635980893	0.00683277535390583	0.100516049950849	0.581060562782171	0.0552826833874338	3.26248990617434	0.276181390146836	0.0411992599049482	0.0143025165020013
ENSG00000230748	RP11-541H12.1	0.0032282903458534	0.000533057770777228	0	0.00063864485927227	0.00186747577630159	0.00183019008529376	0.00335701272547188	0	0.00454280773684653	0.00314599551638917	0	0.0379426349645656	0.0126438841935786	0	0.0181671218161541	0.0460322363188682	0.00197131293667912	0.00281953103599571	0.00125281748959262	0.0549270541520417	0.00221636238639901	0.00227701935239729	0.00126129011116692	0.0149997509731362	0.043654804814344	0.00813352176085622	0.350176106143432	0.0556219627166161	0.00841967424185106	0.0034396694651112
ENSG00000162763	LRRC52	0.0147364262322576	0.0172182164693613	0.0628357334930389	0.00484498086778767	0.022388506410951	0.0449938783940029	0.0405687087983515	0.0462569934311982	0.130837732516556	0.170913604059306	0	0.205962381133506	0.197083017498339	0.0111178260294322	0.160222305989565	0.584717868493753	0.0736331528715777	0.0195099711467551	0.00738264348193494	0.532977704231595	0.0588737013983082	0.0425083464649853	0.0330002973082299	0.0599031153252884	0.0128042147369848	0.177380876202161	4.82341062442311	0.221487644302571	0.0354473322317283	0.0650486225979615
ENSG00000237783	RP11-306I1.1	0.0142542734083969	0.00828457800806658	0.0361883194254281	0.0133205599272143	0.0120424332489657	0.00486724135911776	0.0129903501215986	0.0128503366120055	0.0125373908304898	0.0150198461449559	0	0.00637481738605762	0	0.00893457518854977	0.0139692457437456	0.0168989538384219	0.0100552677883077	0.0209272554054138	0.0164921719948711	0.0203196263698296	0.0169954247209646	0.0143546124404811	0.0184798259368343	0.00880749388766135	0.0139406615401867	0.0113003857868374	0.375632360874252	0.0158855624264441	0.0187498078425116	0.0226477729099131
ENSG00000236206	RP11-306I1.2	0.029412310105528	0.0315007741856462	0.0440876591736775	0.0151933803669991	0.0321971878582478	0.0596299767034565	0.0388360739347054	0.0630199737867105	0.0358229886058429	0.0283280102016671	0.132761863048168	0.0103111729396042	0.0553280979855368	0.074293890559296	0.0425365654931455	0.00633457182092978	0.0710814577143795	0.036319031834977	0.0475804295075178	0.36270645842377	0.0703386796187825	0.0345801949100705	0.0203350851475381	0.0385880369010714	0.0337050250346029	0.0374514687856835	1.51516628504016	0.164497434148407	0.0378020200699791	0.0365483656617714
ENSG00000143198	MGST3	5.59567937321884	5.18745682995342	5.02947554520805	2.94260161156366	5.63895227030741	4.8974214175385	5.46399721147028	5.2064831131499	5.21298419322966	4.8549325285189	5.17538622774694	5.25309855203218	4.95863578099066	3.8370430998592	5.22495780209543	4.92667857746948	5.19618030487968	5.30268390708134	3.33266011020003	4.86610086591418	4.64650003939622	4.86234903203269	4.75081589594351	5.12968292076933	4.05802059330291	4.60940871369071	4.56287442258764	5.41184006727412	5.18052983087311	4.90004892648241
ENSG00000143149	ALDH9A1	5.6525472908946	5.60351943551252	5.61786244554584	4.31149213630837	5.53730963558316	5.23706768441652	5.66392311127643	5.6724253419715	5.3968442084206	5.48119537646904	5.6724253419715	4.4658608780914	5.26212857508213	5.39541306139872	5.54084861979586	5.48043069668429	5.64226056096028	5.65004445328694	4.21078334481689	5.61999717652351	5.58220895361961	5.67142279335098	5.65597024131993	5.5211013362028	5.45326362655941	5.19118045603047	5.65966440957455	5.67078319688347	5.6408793779013	5.6413214811056
ENSG00000230175	RP11-466F5.3	0.220674102052497	0.181014138417812	0.0976790164209047	0.0627448610952878	0.157377102820196	0.187296995202668	0.234978090058127	0.298028281965422	0.154571109923872	0.18915981263428	0.330725551575685	0.0650536303892733	0.118214760845377	0.105247043184431	0.275929007224713	0.0612543791967092	0.240971237960129	0.312193630793142	0.0769200159314451	0.248661166780757	0.233759848136748	0.378352887964794	0.206014564474076	0.256688109637998	0.222475790173481	0.143124573454958	0.361565393545533	0.405385288564821	0.243680132774467	0.269752227528482
ENSG00000225272	RP11-466F5.4	0.0929278972827988	0.0778412636501817	0.0441687320246387	0.0369489128064821	0.0664323774538669	0.0934611274348658	0.0993303045890303	0.105212472906315	0.068620209933298	0.0811160401372207	0.0805136256766637	0.0276682916579938	0.0455954273393025	0.0493177130476043	0.124748096621955	0.0194751379681467	0.0998824788105125	0.122859867077229	0.039005463219585	0.0964387089152256	0.0932870251196536	0.146288902707235	0.089800374656878	0.102934950788626	0.110276884463869	0.0589561409463904	0.159651185569988	0.154488007319995	0.096640408848912	0.0946049643327485
ENSG00000215838	RP11-466F5.6	0.124069991520211	0.0673075227178771	0.0783539366475666	0.0557518719780001	0.0821778267944655	0.0965957788703785	0.156285007133491	0.142980107826784	0.0736892448264852	0.0591329636444533	0.0763393574596691	0.0252166764844379	0.0592906360626644	0.0500937642122974	0.108021353647854	0.066178771967671	0.234620418149915	0.191077892312088	0.0318826490606026	0.18722170427859	0.114291842065239	0.0768650575914529	0.155156437266901	0.12212439793839	0.15182587789601	0.0510659087455487	0.619193562612768	0.136144124800196	0.161177957356545	0.118058783760629
ENSG00000273365	RP11-466F5.10	0.293836813371847	0.119309874175711	0.184684617474779	0.118407839397865	0.214122874750739	0.206848117816788	0.30861422852649	0.238447400785739	0.141482444081207	0.122670965325522	0.360022503926123	0.0528735677534488	0.107975471660918	0.117447353708763	0.236617892281353	0.120626233129863	0.471841137421313	0.360964384037411	0.0612721626055245	0.298066326546599	0.244138614480147	0.145699554429168	0.343864560898811	0.221912808623211	0.277352992936459	0.109920440986946	0.83900746386617	0.259428395120281	0.288037069329977	0.224645180644242
ENSG00000143183	TMCO1	4.61632409766358	4.98069192832544	4.64220836939726	3.06977305302968	4.82085230146747	3.80738927831964	4.72765627273063	4.88851690665479	4.52304784501373	4.42610294747986	4.81456923944068	3.29327580331904	4.104797245124	4.21257952691146	4.6114408093466	3.23778228965762	4.76843348327295	4.81058467230206	3.56181789882873	5.02476817687582	4.64859948395476	4.73571189986732	4.60603230903773	4.7815986165121	4.28697957247114	4.36007292450747	5.17155415200715	5.13627667896774	4.88260806829832	4.74340918673485
ENSG00000230659	RP11-466F5.9	0.0716824630494503	0.0436697817221757	0.0543319329212741	0.032979732450644	0.0631086245268862	0.0321467770025679	0.068689314001056	0.0806290463341097	0.0489564844966924	0.0487995986111507	0.0724377470821971	0.024674453643493	0.0311052017882614	0.0168493915365986	0.063212607501225	0.0445750462739972	0.0692865815287266	0.144975697631778	0.0418229725972894	0.0609658145421084	0.0701133020496748	0.0515286276759634	0.074528402462718	0.0484598302620117	0.0471260754567904	0.0460370700281192	0.235052485566468	0.0824158202255361	0.0423875546363504	0.0696743324605217
ENSG00000143179	UCK2	3.47654872221507	2.4394363680737	3.30475738614277	2.21695192604497	3.33919993000331	2.10550051891392	3.68521504180477	3.2368931871116	3.13528244742557	3.28044086779401	3.33224880132394	1.9772424329156	1.95853177897906	2.2923450286091	3.36664652938505	2.80750398271704	3.68959626987141	2.9018125891318	2.66645598484958	3.14727173975018	3.13379265601584	3.5826282135972	4.1541091465889	3.54500401291687	2.72119008581406	3.17465131983498	3.86396711210758	2.85823668030236	3.33875983324642	3.51062091286234
ENSG00000236364	RP11-525G13.2	0.784705735859733	0.34524783939046	0.726680118831458	0.26336493234479	0.668276663043894	0.386376134179664	0.986129074103932	0.960774792282187	0.672121401371915	0.680796678570194	0.895429012640848	0.290528813540432	0.26515823989747	0.358629215813627	0.790247552183288	0.396038268719279	1.05773440714543	0.764382536844359	0.661682507731023	0.791783863707196	0.929608781244725	1.15588066202365	1.03571015190448	0.953295428444755	0.420868754322041	0.87378584960694	0.690789680793364	0.670827148118898	0.87702518809475	1.03854325198599
ENSG00000271527	RP11-7G12.2	0.0106415594926294	0.00247267246683862	0.0151023005839117	0.00380022076849444	0.0110394925357471	0.0166356877215577	0.0139636973333995	0.0082245875290423	0.0223053713391184	0.011260564551039	0.0343188162625181	0.00514597560402789	0.00477584688209418	0.00767563008441175	0.0106303972855259	0.00610438194960117	0.0172822497341634	0.016704195185908	0.00433644079881511	0.0121394172753446	0.0177908685704271	0.0236237633166833	0.0171588430499975	0.0343242431423889	0.00995463908577516	0.0129341782851954	0.0116770633355491	0.00895986066249472	0.0122007297214983	0.0191211112814661
ENSG00000188859	FAM78B	1.37146659154019	0.857383524273592	1.99287821821289	0.235597674688889	0.975182306572154	2.35940576205662	1.38000195755946	2.14331728814181	1.77036735635073	1.19836976323308	1.37992139038232	1.34334580130445	0.710104877471315	0.654449155398516	0.653117172696074	1.98119025523472	2.1101971240087	1.33661196012754	0.943012045889402	2.14666899800391	1.43881165641086	1.32673494099798	0.946444027831866	1.23250744971182	1.13945819960424	1.17852558876289	2.64699486895946	1.46956521959666	2.35678012887839	1.48065005314655
ENSG00000230898	RP11-9L18.3	0.0404091804533419	0.024326485531291	0.129220651567925	0.0190157998913308	0.0271895602009211	0.047932854123814	0.0411081857382611	0.168343098751411	0.0697578102316131	0.0397352045964262	0.0699151582549623	0.0339822043164955	0.0233061136361975	0.0193802833757931	0.0237436054079731	0.0353836653409194	0.0994086670667721	0.0491429522730721	0.0375214533169376	0.103703059909573	0.0647096046258017	0.0755099381965559	0.0323672193080118	0.0360151652180944	0.0588541626403285	0.0365182077527741	0.33948811799719	0.0692428789729831	0.12768372656614	0.0534204941992613
ENSG00000215952	MIR921	0	0	0	0	0	0	0.00156637110187263	0	0	0	0	0.000496265210422395	0	0	0.0011656354928179	0	0	0	0	0	0	0	0.00093389595039783	0	0	0	0	0	0	0
ENSG00000215835	RP11-9L18.2	0.387709746432885	0.391414546782444	0.403703648775937	0.372079177810173	0.454351056207912	0.271153272550755	0.408246488909173	0.464250905036401	0.364747406406249	0.366224912118547	0.420845779439604	0.220245661485562	0.207999846195142	0.158194469688515	0.467377655983698	0.305686021134908	0.479591245481229	0.479628964295199	0.16537591874629	0.37618835255814	0.358060414550322	0.340886989778163	0.431856135454926	0.412189899678525	0.445706024129139	0.299783122302143	0.610001013790782	0.493594721446547	0.494129568851151	0.401973037574508
ENSG00000229588	RP11-479J7.2	0.153299656523762	0.0119225489369023	0.0753216421377524	0.00799968931291845	0.062660832849816	0.786430246548418	0.132475743702849	0.15439307758181	0.149152846448599	0.0598037587285492	0.0840912667204245	0.287437236563429	0.0130179585510476	0.00465004962291553	0.0208206390780843	0.0953617796834715	0.138566977842659	0.0357628561488029	0.0335769571547815	0.355402378629083	0.0539288126054797	0.0958019664752328	0.084656539352091	0.0690707285219978	0.0175591862311504	0.0521927409243097	0.369584792912494	0.0685271033092344	0.171530908336763	0.0951045645977855
ENSG00000225325	RP11-479J7.1	0.00175153383238782	0.000317594919849051	0	0.00156684967362902	0.000891327495485537	0.0138507206333757	0.00039759017605083	0	0.00095080811861954	0.00106952506275872	0	0.000923958924509297	0.000739245721641498	0.00118107536537862	0.00202205111877684	0.00156673589606364	0.00148600073288265	0.00450191223600189	0.000912677700579904	0.0057366529522623	0.000456411600010548	0.00127196268009937	0.000949060244595854	0.00107082776913586	0.00119332155819063	0.00258013928171812	0.364037002462858	0.000991259017534912	0.00163653861183637	0.00305435837997753
ENSG00000230231	FMO7P	0.00614485760987498	0.0082703061103948	0.187528681548316	0.0489701466050232	0.00439769162035536	0.0044200445131082	0.00493783774983102	0.040435678812059	0.0150047363408142	0.00646211822643292	0	0.00220881919527426	0.0054689743445532	0.0109948220964502	0.0224757907491059	0.00166311351549853	0.0101497696199745	0.0236827504308388	0.00344347243183892	0.020165603966251	0.0262045790850363	0.0066139298868215	0.00278172558552368	0.0769753498334741	0.157168093269641	0.00726745500783507	0.0751547022491093	0.00811046909562299	0.0254959190860729	0.0223929816073792
ENSG00000234142	RP11-276E17.2	0.0216530576664505	0.0157865068595822	0.16157760980741	0.155622602717954	0.0178622325111688	0.00971600135275291	0.0202676214370487	0.041410750307946	0.0444288628068208	0.0142430639352985	0.0707979388461483	0.00421668203993754	0.0321075500061012	0.0464310436493011	0.0951086442388085	0.00737803636382823	0.032640384615744	0.0601283945999093	0.0057493411153325	0.0312821797588271	0.0643511018507886	0.014448259286369	0.0133583605073693	0.106751239123107	0.366920759283184	0.0157171034465073	0.453483146693895	0.0215388559557154	0.0510229222435682	0.0510381654150796
ENSG00000215834	FMO9P	0.00225786052606924	0.00184092905175891	1.632178723652	0.00150140839420209	0.00273542947265385	0.0176374153666228	0.00401699271236796	0.0189497069953457	0.00267566831819477	0.562051276920752	0.00358713942647016	0.00293126765102301	0.00794204124840236	0.00117793114927423	0.00575904109166364	0.00322065734606504	0.00764623715918441	0.00470063554009817	0.000917084568142201	0.0276635622631653	0.0801559714745216	0.517522303259601	0.0263896798500596	0.00449201566208323	0.00230190454314417	0.0296325962120422	0.248952802092171	0.00419937604635173	0.00259458429417691	0.38172247237868
ENSG00000232341	RPL4P2	0.214647768262846	0.147378394138665	0.221367063764836	0.161476539120333	0.234164123025648	0.107945757677245	0.230987027783306	0.346381066149191	0.223090929821315	0.22086315365831	0.303996913086578	0.0916243176764404	0.128003235921541	0.0936779059041686	0.19729945779103	0.177907269231598	0.238108428196212	0.4671591827335	0.148374303160295	0.224431993475686	0.241212073969233	0.193119624768459	0.318473756776143	0.175908233659477	0.177694711899304	0.170453908122957	0.117563283967781	0.239300254622347	0.319628768836248	0.254142455482779
ENSG00000232223	CNN2P10	0.00245133833669112	0.000825090156460596	0	0.0042341528873409	0.00361002621924801	0.00172336665240621	0.00298272253747252	0.014111413007646	0.00186090632548349	0.00191562634732525	0	0.000483106149809951	0.00268778107028622	0.000484741112055065	0.00352358352677469	0.00262263927848577	0.00251654563052844	0.0020173304054254	0.000181003423755598	0.00338876920417594	0.00295855585117656	0.00184603953477218	0.00226730100569398	0.00126169844615665	0.00287671708430896	0.0027436707967355	0.184286139622583	0.00243999519037016	0.000973874885774025	0.00280115059395486
ENSG00000143157	POGK	3.91711731836272	3.216795206659	4.39634234360153	2.720985664902	4.41092552144111	4.04438661890985	3.95404510081278	4.47971543869371	3.98665814308251	4.17714718880096	4.32032966362469	2.73652285921772	3.32675643162873	2.57433328510186	4.68960897804853	2.20429284735681	4.91631993651343	4.49695415221878	2.87041130146002	3.76198249904458	4.1129634607718	3.88727920869232	4.38506583374104	3.955701781267	4.09262525454363	3.56036574383719	3.29229488078213	4.28892193890935	4.57381841574071	4.23735227986456
ENSG00000225171	DUTP6	1.93364558415174	1.20858162198067	2.09186675639728	0.792228731200896	2.27322728185197	1.18809671336757	2.08593210809507	2.47302545200597	1.93833637334454	1.86680397989493	2.44208784405421	0.836063961476596	1.21173947925128	0.754479650897291	2.77893341912733	0.79376028470074	2.65117423764681	1.99499225263269	0.945797893166047	1.67941036271982	2.06567492450115	1.80613589367958	2.00063239828384	2.06881745219297	2.45022806728719	1.55167864745069	0.998022192566762	2.01823587570477	2.37072692710208	2.02973904017031
ENSG00000143195	ILDR2	0.322399402188627	0.099017497776965	0.664180697262497	0.236502614847789	0.233425343721281	1.73874087217174	0.0806757982075042	0.312124454992831	1.5147839835384	0.908205255575378	0.554064094377353	0.916931539433575	1.2472424709883	0.281296608018783	0.700575021171995	0.109652520915212	1.83673109047665	0.232238035394967	0.099874655811996	1.84969332525567	1.05252106368225	0.0997526874841194	0.051121393156907	0.440766097274409	0.142294470691074	0.237405021223363	3.82441063825849	0.191596642938212	0.287350273866116	0.308107541227984
ENSG00000143194	MAEL	0.136196239341042	0.0711706991250787	0.511700985015397	0.0613602217227591	0.306804533391944	1.071429892652	0.15081142348696	0.22942067145386	0.851043770426487	0.666582618667365	0.308337575076863	1.33442318213958	0.716294921767518	0.124451503787669	0.119761915226531	0.189174854451929	1.108121954695	0.153111074948246	0.0607872500969113	0.873989485474805	0.815654730664425	0.132085340798381	0.0831688572748867	0.220780918507804	0.0830479009693683	0.141949133401683	5.66530209333964	0.185462759763082	0.136750603241947	0.19607103280697
ENSG00000200036	RNA5SP65	0.00188676649712267	0.00114074403384154	0	0.00108886765025064	0.00127256107939596	0.00326838265894197	0.00281532098656384	0	0.0514303755019487	0.00453068289584966	0	0.0104628600535638	0.00343196942195003	0	0.00521456196533297	0.00188606975687645	0.0159946402358863	0.00316869875874226	0	0.00771870408094419	0.00302799821128649	0	0.00143077456801868	0.0726624930751065	0.00761078570960197	0.00106854466193273	0.145591609693789	0.00136083659643472	0	0.00743590672234958
ENSG00000227907	RP11-102C16.3	0.00970355845218789	0.00272013902549464	0	0.0136881033562809	0.00677044956314963	0.00589310808668962	0.023386232078207	0	0.458930194248923	0.0068173265934032	0.0517227077366117	0.00974815832083377	0.00345524209504198	0.00329494637979712	0.0431174892827549	0.0166155012318112	0.00618609490029609	0.00430677986777241	0.00827952050754766	0.0140608091100351	0.0258969366352663	0.0084857341369685	0.00690801577914918	0.554039089082975	0.0149106526424594	0.00650682941736436	4.63579924368812	0.0149757057976215	0.00282145929945654	0.00596758030631812
ENSG00000143167	GPA33	0.207711131623622	0.0940217587836908	0.184409247381654	1.0787808499768	0.100005763238201	0.158812817348774	0.149962756727586	0.110436271321619	2.70108885027883	0.0987409351357482	0.296000391030238	0.32631124350684	0.0925930294977532	0.0633029178363672	1.52418091949445	0.173336568677599	0.0975590555964034	0.0906442033604036	0.040828761495412	0.226191088733844	0.163912813477478	0.109791574223382	0.0615919978834182	4.4202420094525	1.03521727231333	0.207142814031266	1.91130545430943	0.159906885848455	0.11188194058419	0.130049566245561
ENSG00000198842	DUSP27	0.215915656320411	0.251253225099176	0.0705409410863843	0.0797359137532358	1.98410786238367	0.239649682191345	0.166609710219173	0.12236122136147	0.0891056199723555	0.088199134120479	0.0958811821637481	4.79597812834407	0.0668377044813608	0.0293866368053573	0.350248161313155	5.63969110598206	0.193681109080932	0.108179615222947	0.0429328999186721	0.116755227784266	0.452272244848516	0.912473753363345	0.0903531127343545	0.129464002185633	0.0327380451188495	0.0738358353409054	0.478869918364666	0.132678929220996	0.107578436376901	0.10566690227408
ENSG00000145703	IQGAP2	2.67151404097919	3.86766341106321	2.22584929011403	3.83733485137744	1.86232573683771	0.469726608569355	3.02053944274105	2.44300374967863	3.3900392127823	2.45700049222667	2.24625103797908	1.14974971693608	3.28515517218071	4.69086900972502	3.40531164957904	0.342095559504373	4.28292076398277	2.81718794544624	3.57625007317638	2.01521488798557	3.20650631869221	4.11913998870397	1.80777143208447	3.98423872593775	3.87873849277064	4.01447236822903	5.1539457930251	4.27900451672168	1.62763515348809	2.23253407931485
ENSG00000225407	CTD-2384B11.2	0.155160068939308	0.156616713205854	0.107536436008771	0.145387008972088	0.149809416710695	0.0127313794350201	0.212985994701617	0.104444269092723	0.161658828365011	0.112858128289689	0.102135820603165	0.0522382517921678	0.142204006791227	0.167842761529245	0.333281831319028	0.0181236062410661	0.562214821405456	0.166073015948614	0.147206837564453	0.0843738510009741	0.198053870094636	0.708931581546488	0.18113029335873	0.260709812963092	0.473854880715726	0.167328711677329	0.254270592517285	0.312529595609129	0.13237079240134	0.142977620340726
ENSG00000181104	F2R	4.19094194300732	4.01072585015173	3.19134632600439	2.25956139678167	5.38889495758156	0.855440414389294	4.01788328685962	3.74024549294526	3.32149465685564	3.1844639682299	2.92488569701271	3.44151956251896	3.94784168729018	2.31924113385646	5.19537483853284	1.78160075957984	3.4702949596336	2.61365736955674	1.77372606868508	3.1014562980943	3.48603558437085	5.17279553840292	5.2228869564616	3.95648191761228	5.28872447799732	2.75210926456664	3.66092106861858	4.36371546616354	3.91741433571036	3.20261747939672
ENSG00000252684	RNU6ATAC36P	0.00330689453427862	0.00283040095184404	0	0.00232566126754312	0.00225795416084988	0.00130239715616097	0.00146566913798248	0	0	0.00416801534432799	0	0.00234738495505993	0.0108343030227834	0	0.00558434425287767	0.000609258573514343	0.00107979236978323	0.00287907206807491	0	0	0.00695469320786615	0.0021004778071991	0.000703866676830743	0.00247926447514381	0.0480629205838209	0.00119409027840733	0.0058831120511023	0.0407026729643411	0.0134039192906805	0
ENSG00000145708	CRHBP	2.55625614658186	3.61374704216799	1.05958910174598	0.392992762577101	1.49993559113483	1.96291262767663	2.37168733750254	1.81364571984553	0.607699759473624	0.744382222210094	1.79888323634908	1.57065334072113	4.41394274211408	3.713417424582	0.673206121314486	0.249303323143857	1.02097978706805	1.42196478260008	0.163834516766026	0.391416816995636	1.39208764488407	0.789193384276812	0.454745030998845	1.09146582679228	4.97061424539965	0.448750000219013	1.35793597159525	2.80531503424662	1.93843367016532	1.1201102073424
ENSG00000164252	AGGF1	3.81078581241942	3.78645783813364	3.86933193699023	2.49685289339071	3.86181756021836	3.64346169988506	3.8009667572111	3.94330881118385	3.56930697800556	3.57489699702847	3.92971406628298	2.57540571354616	3.25398540306026	2.69012442586037	3.73997844545305	3.18057099682007	3.95763723837031	4.03081679147977	2.55139141038689	3.67513026928928	3.67621433524187	3.73970437749458	3.86757814955127	3.78085070761899	3.87357142018778	3.35282810138828	4.5566003703896	4.09469639863114	4.03447491378562	3.80302866436133
ENSG00000132846	ZBED3	3.71371898374715	2.26699198538489	2.56475877984191	0.794646835022921	3.13183447568029	2.2348535332417	3.5489234129335	3.39578065934572	2.68998391920633	2.25459389768052	3.66647606827319	1.73202893119139	2.63153721091683	2.32649338976727	2.64928205111904	1.33686489776817	2.79154105079032	3.31638537793863	2.3720736523553	2.84516383073947	2.94441320281816	2.986616658261	2.03167981550656	2.4804347294395	2.22801302617794	2.95499096527712	2.15260957089548	4.0924716984027	4.09541579102595	2.74438494271801
ENSG00000238961	SNORA47	0.532588213003711	0.293341284755313	0.320761846677398	0.10709273607917	0.265707368434414	0.36993256426303	0.548749644629429	0.723632008580633	0.348962206318324	0.262465307281478	0.700262299282201	0.229491136946491	0.293327879908286	0.303138455775935	0.31249149469224	0.157658720981143	0.477778208397239	0.732499914051258	0.425593945442261	0.627908655898062	0.440221218108105	0.585649773762734	0.157789888861602	0.340949609211094	0.317445991847209	0.512620264022789	0.5117347744648	0.98786566914703	0.795587892280102	0.379190017537086
ENSG00000250802	ZBED3-AS1	1.74244654881038	0.562264676357258	0.544778016697014	0.0695049570742753	0.554852962566246	0.756355343428555	1.52308750506177	0.939188886640694	0.369900941508175	0.279552647356778	1.94484211599605	0.346045336337207	0.666358922733861	0.323840748560415	0.591843786826981	0.154354944207112	1.02145462480712	0.9825809141472	0.326170169716439	1.52702819177416	0.956470589203394	0.629887539000585	0.274239200979849	0.438531557072727	0.613123196691177	0.659346189303613	0.881321552036102	1.93981909744657	1.38729846164486	0.578593748373864
ENSG00000113231	PDE8B	4.06240117051052	1.63590630299061	2.434907272107	0.37273544269021	4.07492496815642	3.77175283296647	3.48220475266845	4.27579574188494	2.37009266312748	1.54358087784631	4.92383152144688	2.34068694817574	2.1125949901902	1.06513902536872	2.9880393832712	0.629849828361453	2.3973469229487	2.5674537837722	1.88770766422207	3.81719554411311	4.24670036173624	3.2065533394596	1.61272533340573	1.99556387473793	1.14479653279872	2.3137399954832	2.45416882717992	5.64055754461339	5.00920324354333	2.83516711214954
ENSG00000251400	ALDH7A1P1	0.204245278587168	0.289748992950214	0.164703980948147	0.0165931151038923	0.227318082188673	0.280041709941209	0.249240215660089	0.221902602114515	0.136674251201586	0.183281624974017	0.33902603966933	0.115737599029766	0.227672911973853	0.249048183875203	0.196385614960678	0.0551277326706706	0.267970365233591	0.483459724619747	0.0846975816122372	0.206639207507141	0.298619779949947	0.247030168701038	0.232760871833883	0.122026023027545	0.0618366479677509	0.152433778747797	2.56903388857484	0.507967287790397	0.273321432150918	0.267112067080138
ENSG00000164253	WDR41	3.80595094468617	3.14666982873179	3.80040343854349	2.72041394205328	4.28158171627647	3.35682238881982	3.73047892069347	4.27100366562012	3.35278711393814	3.58139831102598	4.28071187047204	2.64640490228143	2.9568362622105	2.24536175827128	3.91045438548579	2.73208878380036	4.22730091603308	3.58370796131463	2.57399912070375	3.42029197097767	3.70400989451256	3.47880039730361	4.05372778347048	3.21952038973679	3.50138266383316	3.1644291118911	4.43934984283778	4.24884609376133	4.27731032611627	4.04880877659892
ENSG00000244019	RPS2P24	0.0166573203657101	0.0118425597290595	0.0203270255184201	0.0257514568368729	0.0158893471102079	0.00534381440169766	0.0179528828348304	0.00409708243233386	0.0119840734966546	0.014427234713901	0.0208631133339357	0.00662672614309137	0.00382774879888452	0.00511793061807873	0.0218703611877693	0.0109932912581715	0.0182557181339043	0.0411588718836391	0.0111951576473444	0.00902594867713504	0.0139133980559866	0.0149179733033859	0.0232341979726175	0.0153137972208848	0.0190419057357529	0.0128062712074523	0.0896984498551254	0.0171698766276744	0.0144558106010886	0.0220197926969636
ENSG00000244363	RPL7P23	0.950309907564627	0.586327552918971	0.701812550956129	0.421370105066351	0.955914801473635	0.398004200471699	0.994381777430014	1.07304507793142	0.769489409674681	0.811292742718167	1.02975804343197	0.395246113727621	0.509298538416669	0.303369816409023	0.833962514964983	0.619347277564448	1.0784862114335	1.58489846146437	0.621197261224341	0.747863613767771	0.888510382768726	0.795586262188617	1.05335729054272	0.670556497537276	0.686078221504196	0.711274425180044	0.908270666841595	0.913253763473733	1.10230440361015	1.00124803022881
ENSG00000213763	ACTBP2	0.862881144231695	0.442642759665404	1.05875762273678	1.32621966868485	1.72164268891244	0.351903727859004	0.789679138475376	0.806538039087477	1.28910248263529	1.19418919378751	1.14213286065418	0.333501112927643	0.361438212594245	0.265892269282843	1.13572166132691	0.24909842449084	0.865694347378068	0.758122619727682	0.179504148277289	0.403397921187604	0.765562399570872	0.535963346448127	0.79879353416107	0.832390401633446	0.762972489014411	0.749815082797718	0.389710984130117	0.666361807329575	1.33991075721867	0.86491663254193
ENSG00000253572	RP11-107N7.1	0.02942484118524	0.00903708993753125	0.0266945126801399	0.0474346294920902	0.0300316418745419	0.0739259649050446	0.0260836933704523	0.00414095486860674	0.0161381811666991	0.0137846900277725	0.0077935541711471	0.00659911510663203	0.0133296195522163	0.0136182106345189	0.048442440468481	0.0127135752931377	0.0709600670752574	0.00613053996062522	0.00622237017538859	0.0149420094786145	0.0182734574181001	0.0178594219972255	0.0471132009399313	0.0361278191440489	0.0722807857043349	0.0153332745776459	0.0699169125680279	0.0144708058182216	0.0233424130152454	0.0184910412746491
ENSG00000132842	AP3B1	4.27467120317704	3.86591438417303	4.2466317119751	3.5362542656528	4.53068598412091	2.96673685809345	4.26050420149692	4.31852271144258	4.03828454217177	4.11591227124192	4.2217088840035	2.81151384665116	3.63465281248082	2.32519655241324	4.21568392393527	2.95731691739535	4.46994754454163	3.92002622074573	2.9960324964651	4.73095559795199	3.86682011016442	4.40798414667719	4.52908980152888	4.09357758749413	4.00681102982278	3.85727251177067	3.87943351775476	4.67913606179571	4.41010295194809	4.43138315075818
ENSG00000253558	CTD-2179L22.1	0.132605603858772	0.0736641388578239	0.109078446378779	0.0682230841805968	0.0832562103125569	0.0766720443043	0.145043792095197	0.20038844374439	0.097384708550714	0.0911502404850908	0.106330367349178	0.04156536740004	0.0661507453292243	0.047376022600259	0.144500869615262	0.0290421682776893	0.184507299538907	0.163016429573205	0.0749277080908383	0.292876330913505	0.104656570587064	0.171606981519956	0.120162766066856	0.160661339132765	0.162016296975082	0.0894678323306759	0.238531110717558	0.198403728651234	0.16364998291101	0.16743030764563
ENSG00000249372	ATP6V1G1P6	0.0588801736323227	0.0129248164047242	0.0271581277630553	0.0337541374104016	0.0570202654533882	0.0125985666299123	0.0717380027870845	0.116798262324968	0.0301523467276166	0.0290455232129307	0.0778269036654018	0.0157390043336711	0.0141534087974507	0.0127020181410175	0.0474186590615417	0.00954030025916098	0.0857730628662708	0.0754518597547211	0.0187973519739109	0.034271915457141	0.0253265653959549	0.0751459796405184	0.0477873144681061	0.034193518893097	0.0391778673678033	0.0268389496737604	0.153893415030483	0.0698564831281911	0.0642387543547571	0.0786666691917977
ENSG00000251605	CTD-2037K23.1	0.00168589459143246	0.000714825696716263	0	0.00128496685924294	0.00200638171988654	0.00107260316813112	0.00120462027171348	0.00938087287393712	0.000900385786604496	0.00114282064535719	0	0.000121243136459897	0	0.000696709519678062	0.00133874057415658	0.000440242459727806	0.00229601155305695	0	0.000245699540247258	0.00234326921303236	0.00100500264701988	0.000723310969362682	0.000518033632309717	0	0	0.00117214186998444	0.0199967268098167	0.000689991486985476	0.00327246275396592	0.00186522757994011
ENSG00000200331	RNU6-183P	0.00136880929620031	0	0	0.000633804700770237	0.00118932895724649	0.000373159705671328	0.000861659205631758	0	0.000533708172686134	0.000992684182996172	0	0.000402475565653913	0	0.00451343185199794	0	0	0.00112241281768068	0	0	0.00244213357073937	0	0	0.000583053406876542	0	0	0	0.00296194537492603	0	0.00495515709462726	0
ENSG00000206714	Y_RNA	0.000748057915533215	0	0	0	0	0.00113003369491029	0	0	0	0.000239421474285724	0	0.00106191808918467	0	0	0.00194248662721963	0.00129464708677942	0.000634502478646841	0	0.00136247379662212	0.00114366887288426	0	0	0.000450135140134609	0	0	0.0013357688227474	0.00318000075284012	0.0021524032166455	0	0
ENSG00000245556	CTD-2037K23.2	3.13214942870423	3.36305380780553	3.35193171625901	1.96892929587915	3.20064521827123	2.84479932229952	3.4540535700134	3.42638232287272	3.09847033320836	2.86118951734441	3.61626867884351	1.46685313291374	3.2833146550452	1.79971638221265	2.96898058725012	1.20530651826159	3.78594207644864	3.43909776703948	2.06033443440723	3.96753517888059	3.69097680420849	3.06393985106575	2.9021732696839	3.29883341240183	3.6890287760659	2.85942088893308	4.20542829134501	4.2692716228324	3.72962633564275	3.11004030436349
ENSG00000085365	SCAMP1	4.19423086750722	3.47070646486098	4.31679843411253	2.13789446117924	4.56256408124571	4.30482096958118	4.28515378240203	4.40013341793087	3.96438893975772	3.94186125884463	4.28274355155086	2.81691915790938	3.00881882968102	2.30835915740303	3.89224464258011	2.99963509358557	4.3347728686687	4.25169442274772	2.89006156718443	4.75149518779727	4.09442206601558	4.19589061685605	4.07910385602381	3.4495041179523	2.86747655349403	3.8438032512815	3.60408137458912	4.37267554810145	4.44566387534983	4.44461448430922
ENSG00000113273	ARSB	2.59043715944463	2.25820223189545	2.92592436873095	1.9056486363346	3.37051742129859	1.84597136698336	2.22193734452337	2.86304354345213	2.55690865531187	2.87251359368925	2.60834767327286	1.84604157838708	2.31050047311637	1.63809400909764	3.01631831065499	1.32908608315291	2.32926020525296	2.1341320722047	1.66138214263373	2.19705775769422	2.49959083012232	1.82256510106949	2.1088807105215	2.19960958028105	2.34079211590912	2.14246823506969	1.81491037563012	2.53138955249516	3.21378737233276	2.20651041230516
ENSG00000214890	CTD-2299I21.1	0.0737515647604413	0.105546373949914	0.0727267296994367	0.0028175818443476	0.0294373688843967	0.058592045966902	0.0693717871762352	0.138888242794419	0.0495544926845461	0.0842700970423537	0.135162087268556	0.0238427119662458	0.261378284855276	0.999149091374746	0.0226554684289159	0.0253875356353777	0.217063662709116	0.12893726303238	0.0534093925356686	0.147788215412249	0.0914989480140328	0.0299441696119838	0.0242745124899999	0.0248698804179076	0.0111295465317999	0.0447298348615653	0.25270960273034	0.153726056585423	0.107176826089282	0.0431606760410998
ENSG00000228219	NPM1P30	0.00710148590999133	0.00501106545186341	0.00924859467497359	0.00404808383642053	0.00336942564494479	0.0933530728709735	0.0363280231720209	0.0331452733023014	0.00785468608845509	0.0183824447107892	0	0.00511853039261143	0.0159293400951495	0.00404081400966456	0.0410842073818362	0.00268275288053649	0.0306772187462223	0.021449435913062	0.0113210070420558	0.12294136585778	0.031165518866444	0.0542050976134735	0.0693521881878685	0.00908796107511651	0.00507059651354294	0.00856000366832744	0.565442455940339	0.110713145741873	0.0110824095988841	0.0479011346624664
ENSG00000148444	COMMD3	4.91751468069248	4.91492518446698	5.31200842648324	3.63317308819013	5.31725778113632	4.50211400450816	5.1338058438903	5.39748994028596	5.22230799266102	5.09968052372326	5.35109651480296	4.56764191836797	4.36298727616927	4.23959272530124	5.12057126461781	4.90641233251059	5.53702833830741	4.9628233223514	4.50763128750141	5.53227074237712	5.34309342627118	5.16568015647236	5.37459481649648	5.15383005747294	5.4355545378178	4.68227640930548	5.62676287082987	5.14715276490807	5.42770643672637	5.1859661198334
ENSG00000168283	BMI1	5.10157489201893	4.93090201360582	5.4079632922508	2.70959402460473	5.57828689508373	4.72480405771136	5.06306490009022	5.3849273418862	5.08397844886746	4.87915383667434	5.41677818667941	3.57942830428038	4.05899120456204	3.92360808215906	5.10221450907493	4.62845668977215	5.58110968825329	5.02816657420374	3.71056566505672	5.50537392800724	5.26252259585947	4.74174790940134	4.61502312022761	4.77542245307456	5.20471481369503	4.57401963398499	5.52167335449522	5.11086732682157	5.48285365202886	4.93497119882886
ENSG00000272516	RP11-573G6.9	0.121644573978905	0.119475207437211	0.211102641404521	0.0356275338504127	0.260411382935772	0.290265452607428	0.126589980758506	0.223140240399588	0.169462457957387	0.146882802899299	0.17965353204251	0.0333742336943374	0.113466574109968	0.0611710584819495	0.167868136584716	0.126951322119097	0.218621666422087	0.071595745086471	0.0642765713715753	0.37103841825556	0.157887394937109	0.099962659264459	0.102142810873226	0.141774219190196	0.172664749296274	0.150943569300133	0.791992733206855	0.11970723126831	0.173811551703009	0.129098081131642
ENSG00000272366	RP11-573G6.10	0.151809059679277	0.124118630882127	0.0265197120036227	0.0927865748009211	0.143814705879458	0.0668921805639932	0.172647163066753	0.102085591498286	0.0915430933229306	0.101726840293873	0.270337931442552	0.0213828686550685	0.0684822081742667	0.0402796032654804	0.133702637521228	0.123988193973531	0.162350122362105	0.168751839049686	0.0579892085089997	0.858217163931801	0.136055621590991	0.0684637831001819	0.121822284711219	0.118727625161509	0.192137710218531	0.0827393288329491	1.20043426036883	0.108136592264144	0.154477285701484	0.0379192836048401
ENSG00000077327	SPAG6	0.0826756783526833	0.0496731966658281	0.0984186399363693	0.261279370345941	0.0695427045285673	0.902869317979825	0.536291250893763	0.736036281801057	0.0850338543333365	0.0804921522528734	2.30413279893976	0.0242115694161858	0.354966868431496	0.0227598304011632	1.88405277356244	0.0467747633445223	0.228835654909517	0.104206148105379	0.145721619040103	4.21835798485037	0.977509692746641	0.0636462000585071	0.271869618527387	0.0899433238431972	0.0921295032001483	0.0748926124002385	5.57802766192211	0.29859769839767	0.103046587986398	0.0738674759597107
ENSG00000165309	ARMC3	0.0138356666258551	0.00927629466834023	0.0158990174755987	0.0474452720448102	0.0401617147173299	0.670901578212699	0.0507576487802786	0.49507906511405	0.0618255146032997	0.0409104792572293	1.9692520703386	0.0224822881244952	0.257106233968401	0.00785549142504239	1.10841466736678	0.00949038934569906	0.0708659288649432	0.0714250645449566	0.174518186965059	1.15790690615113	0.115346108139618	0.0879536561090324	0.0144943104444917	0.0444343676330657	0.0212296146106545	0.0256470182506407	4.58602248351619	0.145297648069284	0.113046726890798	0.0214559155535036
ENSG00000148450	MSRB2	4.70157547347976	4.99026773706317	5.26426129144113	3.7061281594021	5.26942339722776	4.78982082516386	4.62313286356103	5.2135392619325	5.17603699871028	5.02262782996414	5.44759592259154	5.34038010773205	4.56880821758119	4.74421381954849	4.71061925143868	4.87593463176437	4.40488522260522	4.96286739680353	2.35368584968585	5.27446135040075	5.16042541237016	4.15938646845066	4.02231361438123	4.51923971856958	4.45884449821394	4.07571110983994	3.6783853076055	5.31418758526874	5.44205113939612	4.79237786220624
ENSG00000252049	SNORA40	0.00191539263757424	0.00199262404997765	0	0	0.00155718671699111	0.011054501388935	0.00472658658209656	0	0	0.00178689760393561	0	0.000911371132945018	0	0	0.00133351442400808	0	0.00172833577543076	0.00381451431564217	0.0807223465171546	0.00699492663459532	0	0	0.00159190143144595	0	0.00185212494555433	0.00500075043322812	0.00961886290024476	0.00207188700037196	0	0
ENSG00000168267	PTF1A	0.0588033341975104	0.020789669437247	0.0774797108042788	0.00678396772596585	0.0498910604679875	0.31570357647098	0.0678509384789852	0.177608986649554	0.0403601651694274	0.0298120498289982	0.313958847638369	0.01669427740351	0.022318052846581	0.0119455012182614	0.0488299434132537	0.0179477535163074	0.140871504176812	0.143282497453813	4.94580612204916	0.17918652464149	0.0689688815237118	0.0238379363496861	0.0250039534503661	0.0364105019068088	0.0283451433482245	0.953048522824031	1.73027106406262	0.0463865577929683	0.187403461648865	0.113971615314549
ENSG00000179133	C10orf67	0.0509641525454816	0.0522400992041789	0.0331550435553918	0.01636776408688	0.0186754079468887	0.34628018023989	0.0225061066886472	0.145602158468226	0.0610879405777924	0.0504815821753044	0.7723539857855	0.150934573786615	0.590374877065038	0.051094485519217	1.12127772017537	0.0738273608353776	0.78014516130832	0.254638074460223	0.0508161633603891	1.46119303703346	0.0378901022403384	0.0256212248539987	0.415000286487376	0.0787024052536799	0.103760631478206	0.0498207327472882	3.32058302386992	0.223297044226518	0.0326646486694595	0.0670372124591089
ENSG00000227537	RP11-215C7.3	0.00434489289300654	0.00152373301332746	0	0.000981421684234478	0.00244303094844961	0.00593497436933304	0.00210644733869013	0.0266686045684556	0.0022851827404939	0.00219747735608531	0.14148009462234	0.00177250360823621	0.014273135582136	0.00219605727798552	0.104025761110663	0.00116694277386925	0.0879639407799993	0.033098209736647	0.00229603397937965	0.110703517447567	0.00071290644707587	0	0.0598192890975918	0.00450709318818773	0.00480363727621509	0.00521218317455201	0.0931268714741447	0.0173323098994514	0.00175537525395207	0.0012328233015032
ENSG00000224215	RP11-371A19.2	0.0872808847870512	0.0641598587453701	0.181837788453459	0.0530360896850764	0.0621160325331692	0.358130743580706	0.0705573454981164	0.188523966970798	0.173115870034761	0.140225129498327	0.327568577699096	0.413449650525215	0.378366647319374	0.0248186551007793	2.28188854652849	0.0351226330999826	1.02449032922026	0.718829847954157	0.0211624759591766	1.06653732402813	0.101595493523561	0.0462022648078941	0.214884780847392	0.206244438812977	0.137016211824712	0.0988818048905034	0.99027787143594	0.574574843821706	0.113302142893167	0.21550280913829
ENSG00000264574	MIR1254-2	0	0	0	0	0.000432612428889237	0.000304835356129738	0	0	0	0	0	0.000683972691868911	0	0	0.00221759973741065	0	0	0	0.00217509720449113	0	0	0	0.000409793237936712	0.00302145551282473	0	0	0	0	0	0
ENSG00000165312	OTUD1	4.38985505330757	3.81067150448746	4.04920300826171	3.14044194491318	4.35185877669436	3.00644421629016	4.33751595387246	4.3859088787443	3.7998324464881	3.81777582027373	4.51849896880709	3.86769474705009	3.46620484844795	2.61325376683344	4.89068639352111	3.62244720184755	4.713176561124	4.52961862372574	2.50777267808349	4.08393203328308	3.68951753349409	3.55613928974505	4.45657130310814	3.86315416007366	4.66486750588563	3.748548630359	4.30627203099182	4.38945146121161	4.61231080388047	4.04769839379451
ENSG00000223928	RP11-183E9.2	0.203420582436068	0.0411858790547629	0.0352908751479267	0.00168713511546378	0.0214785687607587	0.00514366149312446	0.200615864069417	0.0554809954834689	0.0218696671561035	0.0275282180953653	0.0345698827874894	0.0413036013314755	0.0576409735190356	0.0130633056136041	0.27983494330983	0.0558554509023908	0.043369961873792	0.0208063374154373	0.02601249021903	0.0499250165393387	0.05409629076544	0.0229772587168737	0.0108620649518879	0.0149506256597146	0.0281097619358814	0.0119733156836978	0.0133444174021238	0.146860505674129	0.0549664068769383	0.0195884749804662
ENSG00000207930	MIR603	0.0223194568554453	0.0036625841043171	0	0.00145508138137635	0.0009373297161409	0.000915109939855273	0.0407114550812015	0	0.00485314972745262	0.00619001713476367	0	0.00418167870136878	0.00129819508926659	0	0.00504867821345818	0.00823338167453754	0.0182875491832796	0.00923469733767135	0.00272743016252577	0.00478494418548032	0.0190625986690858	0.0191610987256252	0.0153547310428045	0	0.00657686537473008	0.00425287426553067	0.00142772768250957	0.0183816828408894	0	0.0162119608031524
ENSG00000151023	ENKUR	0.082988974248844	0.103091699988652	0.126770193596975	0.329032203716345	0.162834788442346	2.09861486631305	0.106910541175955	0.69539218479342	0.126572443770329	0.0761077300061735	2.04420427869955	0.0455688035949578	0.196357249262141	0.324669650982545	1.39845516320187	0.0259708085517335	0.145058957669049	0.518405679932464	0.058225366063835	2.75133926340482	0.18349040843773	0.0735237816271631	0.0957017716573659	0.311193551038619	0.266546220217438	0.192034072254032	2.75235384532983	0.461111698304061	0.363978306394658	0.191644128767149
ENSG00000185875	THNSL1	1.57495382992291	2.77235145870985	2.06447357211611	0.879576196927241	1.62470795284828	2.29968755881698	1.72739975491911	2.5622809914859	1.55533804826765	1.33205573870402	2.41552293119776	1.34811333030014	2.01702687379439	2.92289538577991	1.49299205712915	1.53940971814401	1.97680985267457	2.75262422765638	1.64808786308486	3.06833858815146	2.00464187567318	1.79745300167534	1.87631927404762	1.73253162082593	1.83157585049867	1.62298854323346	3.49083649849019	2.94770766289973	2.49488961918043	2.09479642474107
ENSG00000231422	RP11-80K21.3	0.0225600697225614	0.0148049890382523	0.0300352179074178	0.01147544429632	0.0149218353434879	0.319494371093089	0.0275714770895129	0.0521204513532829	0.0214784583555459	0.0137704022689738	0.0564964501519618	0.00671329822191553	0.00305944337617645	0.00328995412154128	0.023570156795692	0.00387175704411592	0.0249382981888284	0.0558030847418538	0.00376366239169037	0.385845032219637	0.0262225868696207	0.0148029050808894	0.0127843798518123	0.0396023134719379	0.0397287869426717	0.0177287850850253	0.884652426815698	0.112594378966699	0.0681722526611026	0.0332309832188578
