ensg	symbol	Adipose_Tissue	Adrenal_Gland	Bladder	Blood	Blood_Vessel	Brain	Breast	Cervix_Uteri	Colon	Esophagus	Fallopian_Tube	Heart	Kidney	Liver	Lung	Muscle	Nerve	Ovary	Pancreas	Pituitary	Prostate	Salivary_Gland	Skin	Small_Intestine	Spleen	Stomach	Testis	Thyroid	Uterus	Vagina
ENSG00000171722	C1orf111	-0.210685398215451	0.161312315363453	-0.200070347106747	-0.342312656722834	-0.130050660869123	-0.0691883462799941	0.175287608301171	-0.0386335956262983	-0.0146958456822375	-0.148151746967762	-0.0915053189549768	-0.294771071256159	-0.130325806533336	0.082419691891491	-0.174825088890004	-0.324112663843811	0.0705425454055175	-0.214390326750379	-0.241861949653085	0.991570540634675	-0.0141061271728234	0.254915735064271	-0.0804237711380678	-0.0997316995916946	-0.331644613381843	0.129995208864945	4.95606850697144	-0.24873718699816	-0.0847764190775737	-0.103225134764625
ENSG00000239887	C1orf226	-0.233247663451323	0.216554340740397	0.122996258519936	-1.59147887796327	0.563799729415439	-0.451703520821614	0.895783520234269	0.639629303911445	1.57366017981915	0.490589375988634	0.691802322149041	-0.748891220923023	0.923596774665306	1.48915366082441	0.248375889827448	-1.69935363878525	0.791652149013513	-0.524808722834281	-0.66603167445085	1.68910462264917	1.04173392647325	1.15080345430244	0.0628720779153777	1.10117617398572	-1.2956894845462	1.29441067961265	0.427980634041166	-0.840477105330479	0.342305170215848	0.00758177793457083
ENSG00000143248	RGS5	0.700372265196265	0.387561778314167	0.69771976786805	-4.24922684610878	0.749674239277283	0.479912336802708	0.632471148363366	0.653978228911757	0.461761221092329	0.422529368285456	0.712410144721025	0.65702722158938	-0.448492781469086	-2.13543447005771	0.359755389860925	0.675183710011227	0.530545538729446	-0.190004784341938	-1.37801368610527	0.584918591936326	0.716690208665213	0.172906773634463	-1.27098590641378	0.502533462906336	-1.02988940163599	0.638436817630463	0.0313655109342812	0.748477061235723	0.671655462005896	0.420778327237135
ENSG00000225755	RP11-267N12.2	-0.00532817624921999	0.00227391171164462	-0.00288504013473925	-0.0112164897748368	-0.00434004901058243	-0.00810539276787246	-0.000545776258960264	-0.00708623973056843	-0.00299757639302292	-0.00469351745380748	0.0163004166002819	-0.0134425587406345	-0.014680167767909	-0.00150684501746616	-0.00470524628108132	-0.0145023936025136	0.0304212193952576	0.00933658950065988	-0.00175636390295504	0.00926759055119736	0.0118401368287322	0.00564656784696138	0.00448650166753007	0.0208707651759579	0.0143318268403804	0.00446020980314604	0.0629141334439309	0.0200005608678975	-0.00155407096425735	0.00935970160401294
ENSG00000232995	RP11-267N12.3	-0.138561937965585	0.089830740683481	0.188543361333871	-0.303306770857475	-0.0405780715609151	-0.163536325327481	0.0519414591051571	0.302275002985778	0.0185905382606097	-0.0318214759116916	0.413645986763137	-0.27870941527484	-0.0554484352160265	-0.295935226032531	-0.0180954302129597	-0.40146544703635	0.316790080467253	0.315140173898353	-0.229543720364806	0.341980359030769	0.616881664758345	0.156042698305576	-0.0109076974437705	0.223676749414543	0.388914038029447	0.0123540059574187	1.51675268270165	0.589790183818571	0.232362738029367	0.088813532301411
ENSG00000237756	RP11-77M5.1	-0.0261228540642675	0.0010540126790298	0.0135843663459576	-0.0497996014709755	-0.0174529983295591	-0.0824704606376094	0.022651517234526	0.0073184900899914	0.00911843303754736	-0.0115084762750236	0.166435654317364	-0.0628784453761074	-0.0569921560849408	-0.0703055544081167	-0.0108761841523699	-0.071297855850624	0.135919441340558	0.0716637453839769	-0.0246899236772829	0.0298350220807364	0.102938798576236	0.0813009998360262	0.0481141997756073	0.106043371964942	0.0764749288952541	-0.000657295069329279	0.294739630623854	0.118504756656859	0.0224166630451255	0.0427927719776093
ENSG00000143228	NUF2	-0.333888223844872	-0.255525850679274	-0.333274956868173	0.456986589300416	-0.477728688811592	-0.493863172463155	-0.363117798074766	-0.168893624917991	0.0376708726362859	0.352374319295464	-0.392671187390114	-0.772789479242993	-0.6294726510849	-0.718490796391616	0.191107849485124	-0.919720885346449	-0.118460883202566	-0.28972159070528	-0.825905560095873	-0.590714038770793	-0.33851185886439	-0.0520802894852131	1.10326973443759	0.905984402055539	1.27978780443692	-0.0193553145805074	4.3135955487719	-0.415672004342847	-0.402784403083181	0.63655148276888
ENSG00000225122	RP11-408E1.1	-0.0216929269691802	-0.0235088880535143	-0.0244981154311346	-0.0238892338552299	-0.0173758574222432	-0.0229502966236342	-0.0220030607592038	-0.0178995165217638	-0.0222473559087978	-0.0226696954722546	-0.0244981154311346	-0.0240753773437861	-0.0244981154311346	-0.0239345791239727	-0.021758647031617	-0.023035549722724	-0.0232012463289495	-0.0218114977368147	-0.0239713837882652	-0.0200763997785363	-0.0206722270347976	-0.0232773672963141	-0.0232759018123509	-0.0238171616975035	-0.0217138059983637	-0.0233431071872318	1.05698016852671	-0.0224508522408293	-0.0244981154311346	-0.0238885818075099
ENSG00000200327	RNA5SP62	-0.000463032676255348	0.00186756656704051	-0.00152243096337175	-0.00061563299064763	0.00276032803367342	-0.00030145709497548	9.67075025387018e-05	-0.00152243096337175	0.000963454639463769	-0.000329827089695913	-0.00152243096337175	-0.000248271476678645	-0.00152243096337175	-0.00152243096337175	-0.000696358120219676	-0.000661370617847459	8.85400419034663e-05	-0.00152243096337175	-0.000476322672512445	-0.00152243096337175	0.000436990543678271	0.00353094496744655	-0.000781510687629732	-0.00152243096337175	9.99664804347882e-05	-0.000692474444756281	0.00731357168307038	-0.00152243096337175	-0.00152243096337175	-0.00152243096337175
ENSG00000212527	RNA5SP63	-0.000319608586249815	0.000916300366860352	-0.000684258057049408	-0.000684258057049408	0.00146221302972202	-0.000219055413296938	-0.000684258057049408	-0.000684258057049408	0.00126999996195319	-0.000459077147250257	-0.000684258057049408	-0.000525470154043239	-0.000684258057049408	-0.000684258057049408	-0.000684258057049408	-0.000684258057049408	0.000861761531433187	-0.000684258057049408	-0.000684258057049408	0.00115797626838403	0.00144576154584939	-0.000684258057049408	-0.000136824768169135	0.00117309751318483	-0.000684258057049408	0.000798380052625283	0.00234240342540588	-0.000684258057049408	-0.000684258057049408	-0.000684258057049408
ENSG00000228289	RP4-640E24.1	-0.0135086130492218	-0.0204446802385654	0.18450307591534	-0.0404722380367847	-0.03069061922708	-0.0351012966866867	-0.0244929953966691	0.0725599196383948	0.143133997868177	0.0731628202685133	-0.0418381636059079	-0.0225452787762623	-0.00780222282037707	-0.0314335682051663	0.05380763331802	-0.0371654914748866	-0.0411032016079165	-0.0279496318572224	-0.0378050746978438	-0.0278080906451952	0.0871697102350023	-0.034358551733327	0.00141712742736568	0.219639606288627	-0.0365282088939158	0.0018318506759563	-0.0166330475492753	-0.0308851941791749	0.103170039342265	0.121341591597237
ENSG00000225719	NMNAT1P2	-2.45691726038537e-05	0.000586710246047411	-0.00108628700978964	7.68930692872079e-05	-0.000314034744671382	-0.000662119860891135	-6.92047727397284e-05	-0.00108628700978964	-0.000164547173737151	-0.000122255992630544	-0.00108628700978964	-0.000556226816746397	-8.64779768164584e-05	-0.000365593849270936	0.000115816130881169	-0.000798599946819445	-0.000337862358544283	-0.000282330502555856	-0.00108628700978964	-0.00108628700978964	-0.000358424184135686	-0.00108628700978964	0.000320596773970049	0.000101635745581342	0.000169426136696396	9.32279704661359e-05	0.010949335602561	-0.00042394266421589	0.0036374928599511	-0.00108628700978964
ENSG00000199849	RNU5F-6P	0.00106738966729509	0.00113222917599673	-0.000516837896737206	-0.000516837896737206	0.000979800769303516	-0.000516837896737206	-0.000516837896737206	-0.000516837896737206	-0.000516837896737206	-0.000516837896737206	-0.000516837896737206	-0.000516837896737206	0.00593319641833879	-0.000516837896737206	-0.000516837896737206	-0.000516837896737206	-0.000516837896737206	0.0112385736854979	-0.000516837896737206	-0.000516837896737206	-0.000516837896737206	-0.000516837896737206	-0.00026746322764105	-0.000516837896737206	-0.000516837896737206	0.000740054309743824	-0.000516837896737206	-0.000516837896737206	0.00695093810816274	-0.000516837896737206
ENSG00000213070	HMGB3P6	-0.0137799512326032	0.00748427546259608	-0.0240807234582793	-0.000735781757316761	-0.020324575435133	-0.00991976956523039	-0.0114127880352969	-0.0193036269095646	-0.00597488324262446	-0.00671235608594764	0.0406945211775395	-0.0205635817824823	-0.00752996088941294	0.0358275690985113	0.0137281056122998	0.0290719768023627	0.0381085864484331	-0.0139082171413452	-0.0122364641947807	-0.0187496465234028	-0.000890227944131517	0.00409790039560875	0.0197473665325145	-0.00184426857374721	0.00462636556667251	-0.0134921381139863	0.0817418911942126	-0.00152731233802459	-0.0139557084677316	-0.0167226490957392
ENSG00000185630	PBX1	0.411932044215608	0.675152992118816	1.42557779234026	-3.10715254110603	0.879569036835071	-0.307911558118057	0.820287055692464	1.72389554597818	1.00900348298065	0.878963311394957	1.82035691707743	-0.855315175398807	-0.721188292495238	-2.68327591544055	0.340252276096174	0.173016840881386	-0.153486428474612	1.51579942820077	-0.167269184728756	0.211581474395459	0.931230081668188	0.45655148604315	-0.168957626113137	-0.0500594479407765	-1.0031384836839	-0.0525398167950749	-1.35133027856738	0.811821864943777	1.81659878028774	1.31932331951086
ENSG00000271917	RP11-506O24.2	-0.00100483122869351	0.0184374664338185	0.0197357173519922	-0.0693563325894463	0.0168970375973251	-0.0514701843560031	0.0526759720926366	0.28819747371672	0.0300656181470608	0.0384484609443569	0.12184158213392	-0.0304944219569946	-0.0290658923302467	-0.0632259163934588	0.00801533816845384	-0.0260373614410062	0.00156583281117551	0.15189689767681	0.00143395216516863	-0.0125934430205666	0.0685226006062462	0.0443411111009739	-0.0125407288068251	-0.0053715060018482	-0.0495932693945653	-0.00714848926352779	-0.0412206457262546	0.0489525313150027	0.408476821414228	0.240421319008772
ENSG00000201987	Y_RNA	-0.00151319300385944	0.00198537726653034	-0.00215312331385228	-0.00129552452129372	-0.000321630871453918	-0.000642298842334804	0.000345044019580796	-0.00215312331385228	0.00184829576007588	0.000664220020147841	-0.00215312331385228	-0.000983334200886021	0.000714276308840858	-0.00215312331385228	-9.20329457097949e-05	0.000381153749342208	0.00266350562690647	0.00450243846564299	-0.00110112430415931	-0.00215312331385228	0.000883917347176347	0.011059560908603	-0.00123815684999917	-0.000605099858571028	-0.00215312331385228	-0.000979686821222013	-0.0011875488812771	0.00373196209870655	0.00886062095249	-0.00215312331385228
ENSG00000224702	RP11-38C18.2	0.00130774605346344	-0.0636726812251753	-0.0402938542552497	-0.0657415667286687	-0.0510580503011931	-0.0631319370317422	-0.0272992164196213	-0.0514851875239581	-0.0540809354581426	-0.0351055285115588	-0.0513019177333881	-0.0626913344478454	-0.0658221754816517	-0.0629481070150332	-0.0581292816125373	-0.0542612523811226	-0.0369622733643062	-0.0626504820409819	-0.0658641738417254	0.159110854867525	-0.0542556230696985	-0.0499018642358407	-0.0549705517035616	-0.045427386577133	-0.0650206933479844	-0.0577860702288811	2.18207666378679	-0.0438981057150037	-0.0532023616920332	-0.0337173421041291
ENSG00000238022	RP11-38C18.3	-0.0686361619377212	-0.0801048664219747	-0.0825803990139655	-0.0809817902973251	-0.077312913668459	-0.0805779921218673	-0.0659316042777147	-0.0733136934462847	-0.078012851288201	-0.0739323508405871	-0.0825803990139655	-0.0811582790174164	-0.0804094812716993	-0.0809128126890245	-0.0773780896387271	-0.0782186322606691	-0.0757099442987223	-0.0783216503773106	-0.0794573616405855	-0.0196802013017517	-0.0634135816130303	-0.077340955123454	-0.0772598488610643	-0.074170416085406	-0.0810205800567718	-0.0802186819782068	3.57910344452908	-0.0746085470640251	-0.0721036649002315	-0.0721358326663298
ENSG00000143171	RXRG	-0.0118980766661916	-1.24026727504304	-0.200306490213115	-1.76753824961028	-0.920858060600333	1.01502317553692	-0.449918300123101	0.29888873141906	0.250159618799734	0.175272141789408	-0.344212356783084	-0.118590067150707	-1.54437836622307	-1.53895165507864	0.102067151198574	2.10799741643599	2.63500741439484	-0.641069910512672	-1.045737619448	3.38270443712199	-0.497367009640581	-0.838751364605039	-0.899855236408869	-0.389065897036096	-1.18376481512863	-0.666738033382523	-0.32602085605088	-0.461956818222162	-0.864443211878873	0.0945076341867455
ENSG00000237463	RP11-280O1.2	-0.120655080778405	-0.126654427224429	-0.129748816967865	-0.12896626431531	-0.120481251995801	-0.112917334872332	-0.118908576673353	-0.0736608366955828	-0.0830838649622903	-0.118543750100102	-0.113742511440183	0.114837527524948	-0.0150907908633552	-0.128378048675869	0.0348235694126596	0.0747158230427133	-0.12224126979562	-0.122068047169905	-0.127937886676563	0.161234847231417	-0.115644494490838	-0.120376003109931	-0.124024791354114	-0.0303415167571713	0.450202996074151	-0.0755748833205863	3.13163233946632	0.145323823438816	-0.0896583068030719	-0.116555050206019
ENSG00000230748	RP11-541H12.1	-0.0142851950082308	-0.0169804275833069	-0.0175134853540842	-0.0168748404948119	-0.0156460095777826	-0.0156832952687904	-0.0141564726286123	-0.0175134853540842	-0.0129706776172376	-0.014367489837695	-0.0175134853540842	0.0204291496104814	-0.00486960116050559	-0.0175134853540842	0.000653636462069943	0.028518750964784	-0.015542172417405	-0.0146939543180884	-0.0162606678644915	0.0374135687979575	-0.0152971229676852	-0.0152364660016869	-0.0162521952429172	-0.00251373438094801	0.0261413194602599	-0.00937996359322795	0.332662620789348	0.038108477362532	-0.00909381111223311	-0.014073815888973
ENSG00000162763	LRRC52	-0.190479790815409	-0.187998000578305	-0.142380483554628	-0.200371236179879	-0.182827710636715	-0.160222338653664	-0.164647508249315	-0.158959223616468	-0.0743784845311105	-0.0343026129883604	-0.205216217047666	0.000746164085839685	-0.00813319954932751	-0.194098391018234	-0.0449939110581011	0.379501651446087	-0.131583064176089	-0.185706245900911	-0.197833573565732	0.327761487183929	-0.146342515649358	-0.162707870582681	-0.172215919739437	-0.145313101722378	-0.192412002310682	-0.0278353408455058	4.61819440737544	0.0162714272549042	-0.169768884815938	-0.140167594449705
ENSG00000237783	RP11-306I1.1	-0.00591056511054332	-0.0118802605108736	0.0160234809064879	-0.00684427859172586	-0.00812240526997447	-0.0152975971598224	-0.00717448839734155	-0.00731450190693467	-0.00762744768845041	-0.00514499237398428	-0.0201648385189402	-0.0137900211328826	-0.0201648385189402	-0.0112302633303904	-0.00619559277519457	-0.00326588468051827	-0.0101095707306325	0.000762416886473643	-0.00367266652406911	0.000154787850889467	-0.00316941379797557	-0.00581022607845908	-0.00168501258210588	-0.0113573446312788	-0.00622417697875349	-0.00886445273210275	0.355467522355312	-0.00427927609249608	-0.00141503067642857	0.00248293439097297
ENSG00000236206	RP11-306I1.2	-0.0471660295469437	-0.0450775654668255	-0.0324906804787942	-0.0613849592854726	-0.0443811517942239	-0.0169483629490152	-0.0377422657177663	-0.0135583658657612	-0.0407553510466289	-0.0482503294508046	0.0561835233956967	-0.0662671667128675	-0.0212502416669349	-0.00228444909317567	-0.0340417741593262	-0.0702437678315419	-0.00549688193809223	-0.0402593078174947	-0.0289979101449539	0.286128118771298	-0.00623966003368923	-0.0419981447424012	-0.0562432545049336	-0.0379903027514003	-0.0428733146178688	-0.0391268708667883	1.43858794538769	0.0879190944959356	-0.0387763195824926	-0.0400299739907003
ENSG00000143198	MGST3	0.685208086459564	0.276985543194143	0.119004258448771	-1.96786967519562	0.728480983548131	-0.0130498692207808	0.553525924710997	0.296011826390618	0.302512906470376	-0.0555387582403834	0.264914940987662	0.342627265272898	0.0481644942313776	-1.07342818690008	0.314486515336148	0.0162072907101983	0.285709018120405	0.392212620322059	-1.57781117655925	-0.0443704208450975	-0.263971247363056	-0.0481222547265879	-0.159655390815765	0.219211634010049	-0.852450693456371	-0.301062573068573	-0.347596864171635	0.50136878051484	0.270058544113828	-0.0104223602768716
ENSG00000143149	ALDH9A1	0.287264053556413	0.238236198174332	0.252579208207651	-1.05379110102982	0.17202639824497	-0.12821555292167	0.298639873938244	0.30714210463331	0.0315609710824113	0.115912139130855	0.30714210463331	-0.899422359246785	-0.103154662256052	0.0301298240605295	0.175565382457674	0.115147459346106	0.276977323622092	0.284761215948759	-1.15449989252129	0.254713939185324	0.216925716281422	0.306139556012798	0.290687003981743	0.155818098864614	0.0879803892212216	-0.174102781307713	0.294381172236362	0.305499959545282	0.275596140563118	0.276038243767413
ENSG00000230175	RP11-466F5.3	0.0305906204261184	-0.00906934320856717	-0.0924044652054744	-0.127338620531091	-0.0327063788061831	-0.00278648642371095	0.0448946084317474	0.107944800339043	-0.0355123717025073	-0.000923668992098919	0.140642069949306	-0.125029851237106	-0.0718687207810017	-0.0848364384419477	0.0858455255983344	-0.12882910242967	0.0508877563337501	0.122110149166763	-0.113163465694934	0.0585776851543782	0.0436763665103688	0.188269406338415	0.0159310828476972	0.0666046280116193	0.0323923085471018	-0.0469589081714214	0.171481911919153	0.215301806938442	0.0535966511480879	0.0796687459021032
ENSG00000225272	RP11-466F5.4	0.0103364855247607	-0.00475014810785644	-0.0384226797333995	-0.0456424989515561	-0.0161590343041713	0.0108697156768276	0.0167388928309921	0.022621061148277	-0.0139712018247402	-0.00147537162081743	-0.00207778608137451	-0.0549231201000444	-0.0369959844187357	-0.0332736987104338	0.0421566848639165	-0.0631162737898915	0.0172910670524744	0.0402684553191904	-0.0435859485384532	0.0138472971571874	0.0106956133616154	0.0636974909491972	0.00720896289883984	0.0203435390305876	0.0276854727058307	-0.0236352708116478	0.0770597738119501	0.0718965955619571	0.0140489970908739	0.0120135525747103
ENSG00000215838	RP11-466F5.6	0.011731516311627	-0.0450309524907071	-0.0339845385610176	-0.056586603230584	-0.0301606484141187	-0.0157426963382056	0.0439465319249066	0.0306416326182001	-0.038649230382099	-0.0532055115641309	-0.035999117748915	-0.0871217987241463	-0.0530478391459198	-0.0622447109962868	-0.00431712156073041	-0.0461597032409131	0.12228194294133	0.0787394171035033	-0.0804558261479816	0.0748832290700057	0.00195336685665494	-0.0354734176171313	0.0428179620583173	0.00978592272980576	0.0394874026874259	-0.0612725664630354	0.506855087404184	0.0238056495916117	0.0488394821479606	0.00572030855204496
ENSG00000273365	RP11-466F5.10	0.0668210101542036	-0.107705929041932	-0.0423311857428639	-0.108607963819778	-0.0128929284669038	-0.0201676854008545	0.0815984253088472	0.011431597568096	-0.0855333591364357	-0.104344837892121	0.13300670070848	-0.174142235464194	-0.119040331556725	-0.10956844950888	0.00960208906371035	-0.10638957008778	0.244825334203671	0.133948580819768	-0.165743640612118	0.0710505233289562	0.017122811262504	-0.0813162487884749	0.116848757681168	-0.00510299459443208	0.050337189718816	-0.117095362230697	0.611991660648527	0.0324125919026383	0.0610212661123337	-0.00237062257340137
ENSG00000143183	TMCO1	0.317393243248781	0.681761073910637	0.343277514982461	-1.22915780138512	0.521921447052665	-0.491541576095158	0.428725418315831	0.589586052239984	0.224116990598927	0.127172093065059	0.515638385025875	-1.00565505109576	-0.194133609290805	-0.0863513275033403	0.312509954931794	-1.06114856475718	0.469502628858146	0.511653817887259	-0.737112955586076	0.725837322461019	0.349668629539955	0.436781045452522	0.307101454622934	0.482667762097294	-0.0119512819436649	0.0611420700926683	0.872623297592351	0.837345824552937	0.583677213883518	0.444478332320049
ENSG00000230659	RP11-466F5.9	0.0145049885814342	-0.0135076927458404	-0.00284554154674204	-0.0241977420173722	0.0059311500588701	-0.0250306974654482	0.0115118395330398	0.0234515718660935	-0.00822098997132374	-0.00837787585686539	0.015260272614181	-0.0325030208245231	-0.0260722726797547	-0.0403280829314175	0.00603513303320891	-0.0126024281940189	0.0121091070607105	0.0877982231637622	-0.0153545018707267	0.00378834007409224	0.0129358275816587	-0.00564884679205272	0.0173509279947019	-0.00871764420600437	-0.0100513990112257	-0.0111404044398969	0.177875011098452	0.02523834575752	-0.0147899198316657	0.0124968579925056
ENSG00000143179	UCK2	0.444600427664576	-0.592511926476795	0.272809091592273	-0.814996368505525	0.307251635452816	-0.926447775636579	0.653266747254272	0.2049448925611	0.103334152875073	0.248492573243511	0.300300506773448	-1.05470586163489	-1.07341651557143	-0.7396032659414	0.334698234834557	-0.224444311833454	0.657647975320914	-0.1301357054187	-0.365492309700919	0.115323445199684	0.101844361465346	0.550679919046702	1.12216085203841	0.513055718366371	-0.31075820873644	0.142703025284489	0.83201881755708	-0.173711614248131	0.306811538695925	0.478672618311848
ENSG00000236364	RP11-525G13.2	0.128164604272294	-0.311293292196979	0.0701389872440197	-0.393176199242649	0.0117355314564554	-0.270164997407775	0.329587942516493	0.304233660694748	0.015580269784476	0.0242555469827554	0.238887881053409	-0.366012318047007	-0.391382891689968	-0.297911915773812	0.13370642059585	-0.26050286286816	0.401193275557988	0.10784140525692	0.00514137614358418	0.135242732119757	0.273067649657287	0.499339530436212	0.379169020317036	0.296754296857317	-0.235672377265398	0.217244718019501	0.0342485492059251	0.014286016531459	0.220484056507311	0.382002120398555
ENSG00000271527	RP11-7G12.2	-0.00202538056251733	-0.0101942675883081	0.00243536052876495	-0.00886671928665232	-0.00162744751939964	0.00396874766641096	0.00129675727825277	-0.00444235252610446	0.00963843128397169	-0.00140637550410776	0.0216518762073714	-0.00752096445111887	-0.00789109317305258	-0.00499130997073501	-0.0020365427696209	-0.00656255810554559	0.00461530967901667	0.00403725513076124	-0.00833049925633165	-0.000527522779802203	0.00512392851528035	0.0109568232615366	0.00449190299485077	0.0216573030872421	-0.00271230096937159	0.000267238230048683	-0.000989876719597697	-0.00370707939265204	-0.000466210333648427	0.00645417122631937
ENSG00000188859	FAM78B	-0.0641694473673167	-0.578252514633913	0.557242179305383	-1.20003836421862	-0.460453732335351	0.923769723149111	-0.0556340813480431	0.707681249234308	0.334731317443222	-0.237266275674428	-0.0557146485251873	-0.0922902376030557	-0.72553116143619	-0.781186883508989	-0.782518866211431	0.545554216327217	0.67456108510119	-0.0990240787799646	-0.492623993018103	0.711032959096407	0.00317561750335044	-0.108901097909526	-0.48919201107564	-0.203128589195685	-0.296177839303266	-0.257110450144616	1.21135883005195	0.0339291806891551	0.921144089970885	0.0450140142390403
ENSG00000230898	RP11-9L18.3	-0.010073354165051	-0.026156049087102	0.0787381169495318	-0.0314667347270621	-0.0232929744174719	-0.002549680494579	-0.0093743488801319	0.117860564133018	0.0192752756132201	-0.0107473300219668	0.0194326236365694	-0.0165003303018975	-0.0271764209821955	-0.0311022512425999	-0.0267389292104199	-0.0150988692774735	0.0489261324483792	-0.0013395823453209	-0.0129610813014554	0.0532205252911797	0.0142270700074087	0.0250274035781629	-0.0181153153103812	-0.0144673694002986	0.00837162802193549	-0.0139643268656189	0.289005583378797	0.0187603443545901	0.0772011919477473	0.00293795958086829
ENSG00000215952	MIR921	-0.000201898732657441	-0.000201898732657441	-0.000201898732657441	-0.000201898732657441	-0.000201898732657441	-0.000201898732657441	0.00136447236921519	-0.000201898732657441	-0.000201898732657441	-0.000201898732657441	-0.000201898732657441	0.000294366477764954	-0.000201898732657441	-0.000201898732657441	0.000963736760160459	-0.000201898732657441	-0.000201898732657441	-0.000201898732657441	-0.000201898732657441	-0.000201898732657441	-0.000201898732657441	-0.000201898732657441	0.000731997217740389	-0.000201898732657441	-0.000201898732657441	-0.000201898732657441	-0.000201898732657441	-0.000201898732657441	-0.000201898732657441	-0.000201898732657441
ENSG00000215835	RP11-9L18.2	0.0164461092604089	0.0201509096099675	0.0324400116034615	0.000815540637696728	0.0830874190354362	-0.100110364621721	0.0369828517366967	0.0929872678639254	-0.0065162307662274	-0.00503872505392928	0.0495821422671276	-0.151017975686914	-0.163263790977334	-0.213069167483961	0.0961140188112215	-0.0655776160375684	0.108327608308753	0.108365327122723	-0.205887718426186	0.00492471538566446	-0.0132032226221543	-0.0303766473943132	0.06059249828245	0.0409262625060486	0.0744423869566629	-0.0714805148703326	0.238737376618306	0.122331084274071	0.122865931678675	0.0307094004020323
ENSG00000229588	RP11-479J7.2	-0.0539489280199392	-0.195326035606799	-0.131926942405949	-0.199248895230783	-0.144587751693885	0.579181662004717	-0.0747728408408526	-0.0528555069618913	-0.058095738095102	-0.147444825815152	-0.123157317823277	0.0801886520197277	-0.194230625992654	-0.202598534920786	-0.186427945465617	-0.11188680486023	-0.0686816067010425	-0.171485728394899	-0.17367162738892	0.148153794085381	-0.153319771938222	-0.111446618068469	-0.12259204519161	-0.138177856021704	-0.189689398312551	-0.155055843619392	0.162336208368792	-0.138721481234467	-0.035717676206938	-0.112144019945916
ENSG00000225325	RP11-479J7.1	-0.009025649117924	-0.0104595880304628	-0.0107771829503118	-0.0092103332766828	-0.00988585545482628	0.00307353768306387	-0.010379592774261	-0.0107771829503118	-0.00982637483169227	-0.0097076578875531	-0.0107771829503118	-0.00985322402580252	-0.0100379372286703	-0.0095961075849332	-0.00875513183153498	-0.00921044705424818	-0.00929118221742917	-0.00627527071430993	-0.00986450524973191	-0.00504052999804951	-0.0103207713503013	-0.00950522027021245	-0.00982812270571596	-0.00970635518117596	-0.00958386139212119	-0.0081970436685937	0.353259819512546	-0.0097859239327769	-0.00914064433847545	-0.00772282457033428
ENSG00000230231	FMO7P	-0.00789843493701786	-0.00577298643649804	0.173485389001423	0.0349268540581304	-0.00964560092653748	-0.00962324803378465	-0.00910545479706183	0.0263923862651662	0.000961443793921402	-0.00758117432045993	-0.0140432925468928	-0.0118344733516186	-0.00857431820233965	-0.00304847045044265	0.00843249820221309	-0.0123801790313943	-0.00389352292691833	0.00963945788394596	-0.0105998201150539	0.00612231141935817	0.0121612865381435	-0.00742936266007134	-0.0112615669613692	0.0629320572865812	0.143124800722748	-0.00677583753905777	0.0611114097022165	-0.00593282345126985	0.01145262653918	0.00834968906048637
ENSG00000234142	RP11-276E17.2	-0.0222126030437842	-0.0280791538506525	0.117711949097176	0.111756942007719	-0.0260034281990659	-0.0341496593574818	-0.023598039273186	-0.00245491040228869	0.000563202096586084	-0.0296225967749362	0.0269322781359137	-0.0396489786702971	-0.0117581107041335	0.00256538293906638	0.0512429835285739	-0.0364876243464064	-0.0112252760944907	0.0162627338896746	-0.0381163195949022	-0.0125834809514076	0.0204854411405539	-0.0294174014238657	-0.0305073002028654	0.0628855784128721	0.323055098572949	-0.0281485572637274	0.40961748598366	-0.0223268047545192	0.00715726153333353	0.00717250470484488
ENSG00000215834	FMO9P	-0.0693391269416249	-0.0697560584159353	1.56058173618431	-0.0700955790734921	-0.0688615579950403	-0.0539595721010714	-0.0675799947553262	-0.0526472804723485	-0.0689213191494994	0.490454289453058	-0.068009848041224	-0.0686657198166712	-0.0636549462192918	-0.07041905631842	-0.0658379463760305	-0.0683763301216292	-0.0639507503085098	-0.066896351927596	-0.070679902899552	-0.0439334252045289	0.00855898400682738	0.445925315791907	-0.0452073076176346	-0.067104971805611	-0.06929508292455	-0.041964391255652	0.177355814624477	-0.0673976114213425	-0.0690024031735173	0.310125484910986
ENSG00000232341	RPL4P2	0.0158008547494706	-0.0514685193747097	0.0225201502514614	-0.0373703743930422	0.0353172095122727	-0.0909011558361301	0.0321401142699308	0.147534152635816	0.0242440163079398	0.0220162401449348	0.105149999573203	-0.107222595836935	-0.0708436775918339	-0.105169007609206	-0.00154745572234491	-0.0209396442817773	0.0392615146828366	0.268312269220125	-0.0504726103530803	0.0255850799623108	0.0423651604558585	-0.00572728874491566	0.119626843262768	-0.0229386798538976	-0.0211522016140709	-0.0283930053904183	-0.0812836295455941	0.0404533411089724	0.120781855322873	0.055295541969404
ENSG00000232223	CNN2P10	-0.00364159488883998	-0.0052678430690705	-0.0060929332255311	-0.0018587803381902	-0.00248290700628309	-0.00436956657312489	-0.00311021068805858	0.00801847978211491	-0.00423202690004761	-0.00417730687820585	-0.0060929332255311	-0.00560982707572115	-0.00340515215524488	-0.00560819211347604	-0.00256934969875641	-0.00347029394704533	-0.00357638759500266	-0.0040756028201057	-0.0059119298017755	-0.00270416402135516	-0.00313437737435455	-0.00424689369075892	-0.00382563221983712	-0.00483123477937445	-0.00321621614122214	-0.0033492624287956	0.178193206397051	-0.00365293803516094	-0.00511905833975708	-0.00329178263157624
ENSG00000143157	POGK	0.0471388403140674	-0.653183271389652	0.526363865552877	-1.14899281314666	0.540947043392454	0.174408140861194	0.0840666227641211	0.609736960645048	0.11667966503385	0.307168710752306	0.450351185576032	-1.13345561883093	-0.543222046419927	-1.2956451929468	0.819630499999869	-1.66568563069185	1.04634145846477	0.626975674170121	-0.999567176588633	-0.107995979004076	0.242984982723142	0.0173007306436589	0.515087355692381	0.0857233032183469	0.222646776494969	-0.309612734211465	-0.577683597266528	0.418943460860691	0.703839937692057	0.367373801815899
ENSG00000225171	DUTP6	0.257275150632667	-0.467788811538407	0.415496322878203	-0.884141702318177	0.5968568483329	-0.4882737201515	0.409561674575992	0.796655018486897	0.261965939825464	0.190433546375853	0.765717410535141	-0.840306472042478	-0.46463095426779	-0.921890782621783	1.10256298560825	-0.882610148818334	0.974803804127735	0.318621819113618	-0.730572540353027	0.0030399292007451	0.38930449098208	0.129765460160508	0.324261964764765	0.392447018673897	0.773857633768114	-0.124691786068381	-0.678348240952311	0.341865442185698	0.694356493583007	0.353368606651241
ENSG00000143195	ILDR2	-0.451281156541916	-0.674663060953578	-0.109499861468046	-0.537177943882754	-0.540255215009263	0.965060313441193	-0.693004760523039	-0.461556103737712	0.741103424807853	0.134524696844834	-0.21961646435319	0.143250980703031	0.473561912257752	-0.492383950711761	-0.0731055375585486	-0.664028037815331	1.0630505317461	-0.541442523335577	-0.673805902918547	1.07601276652512	0.278840504951706	-0.673927871246424	-0.722559165573636	-0.332914461456134	-0.631386088039469	-0.53627553750718	3.05073007952794	-0.582083915792331	-0.486330284864427	-0.46557301750256
ENSG00000143194	MAEL	-0.458434243241433	-0.523459783457396	-0.082929497567078	-0.533270260859716	-0.287825949190531	0.476799410069523	-0.443819059095515	-0.365209811128615	0.256413287844012	0.0719521360848898	-0.286292907505612	0.739792699557106	0.121664439185043	-0.470178978794806	-0.474868567355944	-0.405455628130546	0.513491472112527	-0.441519407634229	-0.533843232485564	0.27935900289233	0.221024248081949	-0.462545141784094	-0.511461625307588	-0.373849564074671	-0.511582581613107	-0.452681349180792	5.07067161075716	-0.409167722819393	-0.457879879340528	-0.398559449775505
ENSG00000200036	RNA5SP65	-0.00743642802468967	-0.0081824504879708	-0.00932319452181234	-0.0082343268715617	-0.00805063344241638	-0.00605481186287037	-0.00650787353524851	-0.00932319452181234	0.0421071809801364	-0.00479251162596268	-0.00932319452181234	0.00113966553175143	-0.00589122509986231	-0.00932319452181234	-0.00410863255647937	-0.00743712476493589	0.006671445714074	-0.00615449576307008	-0.00932319452181234	-0.00160449044086815	-0.00629519631052585	-0.00932319452181234	-0.00789241995379366	0.0633392985532942	-0.00171240881221038	-0.00825464985987961	0.136268415171976	-0.00796235792537763	-0.00932319452181234	-0.00188728779946276
ENSG00000227907	RP11-102C16.3	-0.122712764943221	-0.129696184369915	-0.132416323395409	-0.118728220039128	-0.12564587383226	-0.12652321530872	-0.109030091317202	-0.132416323395409	0.326513870853514	-0.125598996802006	-0.0806936156587976	-0.122668165074576	-0.128961081300367	-0.129121377015612	-0.0892988341126545	-0.115800822163598	-0.126230228495113	-0.128109543527637	-0.124136802887862	-0.118355514285374	-0.106519386760143	-0.123930589258441	-0.12550830761626	0.421622765687565	-0.11750567075295	-0.125909493978045	4.50338292029271	-0.117440617597788	-0.129594864095953	-0.126448743089091
ENSG00000143167	GPA33	-0.239997425579125	-0.353686798419056	-0.263299309821092	0.631072292774058	-0.347702793964545	-0.288895739853972	-0.29774580047516	-0.337272285881127	2.25338029307609	-0.348967622066998	-0.151708166172508	-0.121397313695906	-0.355115527704993	-0.384405639366379	1.0764723622917	-0.274371988525148	-0.350149501606343	-0.357064353842343	-0.406879795707334	-0.221517468468902	-0.283795743725268	-0.337916982979365	-0.386116559319328	3.97253345224975	0.587508715110581	-0.24056574317148	1.46359689710669	-0.287801671354291	-0.335826616618556	-0.317658990957186
ENSG00000198842	DUSP27	-0.577450158009731	-0.542112589230966	-0.722824873243758	-0.713629900576906	1.19074204805353	-0.553716132138797	-0.626756104110969	-0.671004592968672	-0.704260194357787	-0.705166680209663	-0.697484632166394	4.00261231401393	-0.726528109848781	-0.763979177524785	-0.443117653016987	4.84632529165192	-0.59968470524921	-0.685186199107195	-0.75043291441147	-0.676610586545876	-0.341093569481626	0.119107939033203	-0.703012701595788	-0.663901812144509	-0.760627769211293	-0.719529978989237	-0.314495895965476	-0.660686885109146	-0.685787377953241	-0.687698912056063
ENSG00000145703	IQGAP2	0.268868875626802	1.46501824571083	-0.176795875238358	1.43468968602505	-0.540319428514674	-1.93291855678303	0.617894277388661	0.040358584326243	0.987394047429913	0.0543553268742874	-0.156394127373307	-1.25289544841631	0.882510006828327	2.28822384437264	1.00266648422665	-2.06054960584801	1.88027559863039	0.414542780093852	1.17360490782399	-0.387430277366812	0.80386115333982	1.71649482335158	-0.594873733267921	1.58159356058536	1.47609332741825	1.61182720287664	2.75130062767272	1.87635935136929	-0.775010011864292	-0.170111086037537
ENSG00000225407	CTD-2384B11.2	-0.00544888800896179	-0.00399224374241558	-0.0530725209394987	-0.0152219479761814	-0.010799540237575	-0.14787757751325	0.0523770377533468	-0.0561646878555467	0.00104987141674143	-0.0477508286585804	-0.0584731363451051	-0.108370705156102	-0.0184049501570432	0.00723380458097543	0.172672874370758	-0.142485350707204	0.401605864457186	0.00546405900034403	-0.0134021193838171	-0.0762351059472958	0.0374449131463659	0.548322624598219	0.0205213364104605	0.100100856014822	0.313245923767456	0.0067197547290587	0.0936616355690146	0.151920638660859	-0.0282381645469294	-0.0176313366075443
ENSG00000181104	F2R	0.822421043497749	0.642204950642154	-0.177174573505188	-1.1089595027279	2.02037405807199	-2.51308048512028	0.64936238735005	0.371724593435682	-0.0470262426539335	-0.184056931279675	-0.443635202496869	0.0729986630093865	0.579320787780605	-1.04927976565312	1.82685393902327	-1.58692013992974	0.101774060124023	-0.75486352995283	-1.59479483082449	-0.267064601415277	0.117514684861274	1.80427463889335	1.85436605695202	0.587961018102701	1.92020357848774	-0.616411634942935	0.292400169109002	0.995194566653967	0.548893436200783	-0.165903420112856
ENSG00000252684	RNU6ATAC36P	-0.000968275980034694	-0.00144476956246927	-0.00427517051431332	-0.0019495092467702	-0.00201721635346344	-0.00297277335815234	-0.00280950137633083	-0.00427517051431332	-0.00427517051431332	-0.000107155169985322	-0.00427517051431332	-0.00192778555925338	0.00655913250847008	-0.00427517051431332	0.00130917373856435	-0.00366591194079897	-0.00319537814453008	-0.00139609844623841	-0.00427517051431332	-0.00427517051431332	0.00267952269355284	-0.00217469270711422	-0.00357130383748257	-0.0017959060391695	0.0437877500695076	-0.00308108023590599	0.00160794153678898	0.0364275024500278	0.00912874877636722	-0.00427517051431332
ENSG00000145708	CRHBP	1.16820869937337	2.22569959495949	-0.328458345462514	-0.995054684631394	0.111888143926332	0.574865180468138	0.98363989029405	0.425598272637032	-0.780347687734871	-0.643665224998401	0.410835789140588	0.182605893512632	3.02589529490558	2.32536997737351	-0.714841325894008	-1.13874412406464	-0.367067660140445	0.0339173353915888	-1.22421293044247	-0.996630630212859	0.00404019767557513	-0.598854062931682	-0.93330241620965	-0.296581620416211	3.58256679819115	-0.939297446989482	-0.0301114756132448	1.41726758703812	0.550386222956828	-0.267937239866099
ENSG00000164252	AGGF1	0.228707857200291	0.20437988291451	0.287253981771093	-1.08522506182842	0.279739604999226	0.0613837446659221	0.218888801991971	0.36123085596472	-0.0127709772135736	-0.00718095819066495	0.347636111063842	-1.00667224167297	-0.32809255215887	-0.89195352935876	0.15790049023392	-0.401506958399063	0.375559283151175	0.448738836260638	-1.03068654483224	0.0930523140701428	0.0941363800227371	0.157626422275443	0.285500194332137	0.198772752399853	0.29149346496865	-0.229249853830855	0.97452241517047	0.512618443412011	0.452396958566484	0.220950709142201
ENSG00000132846	ZBED3	1.22959005983171	-0.217136938530552	0.0806298559264709	-1.68948208889252	0.647705551764854	-0.249275390673744	1.06479448901806	0.911651735430282	0.205854995290888	-0.229535026234916	1.18234714435775	-0.752099992724052	0.147408287001386	-0.157635534148172	0.165153127203605	-1.14726402614727	0.307412126874884	0.832256454023187	-0.112055271560135	0.361034906824026	0.460284278902718	0.502487734345564	-0.452449108408882	-0.0036941944759398	-0.256115897737495	0.470862041361676	-0.331519353019958	1.60834277448726	1.61128686711051	0.260256018802574
ENSG00000238961	SNORA47	0.173770196178174	-0.0654767320702236	-0.0380561701481387	-0.251725280746367	-0.0931106483911231	0.0111145474374928	0.189931627803892	0.364813991755096	-0.00985581050721255	-0.096352709544059	0.341444282456664	-0.129326879879046	-0.0654901369172512	-0.0556795610496018	-0.0463265221332971	-0.201159295844393	0.118960191571702	0.373681897225721	0.0667759286167246	0.269090639072525	0.0814032012825682	0.226831756937197	-0.201028127963935	-0.0178684076144424	-0.041372024978328	0.153802247197252	0.152916757639263	0.629047652321494	0.436769875454565	0.0203720007115488
ENSG00000250802	ZBED3-AS1	1.05780920858535	-0.122372663867777	-0.139859323528022	-0.61513238315076	-0.129784377658789	0.0717180032035194	0.838450164836738	0.254551546415659	-0.31473639871686	-0.405084692868258	1.26020477577101	-0.338592003887829	-0.018278417491175	-0.36079659166462	-0.092793553398055	-0.530282396017924	0.336817284582082	0.297943573922164	-0.358467170508597	0.842390851549129	0.271833248978359	-0.0547498012244508	-0.410398139245187	-0.246105783152308	-0.0715141435338586	-0.025291150921423	0.196684211811067	1.25518175722154	0.702661121419822	-0.106043591851172
ENSG00000113231	PDE8B	1.36313892574224	-1.06335594177766	-0.264354972661277	-2.32652680207807	1.37566272338814	1.07249058819819	0.782942507900176	1.57653349711666	-0.329169581640794	-1.15568136692197	2.2245692766786	-0.358575296592534	-0.586667254578078	-1.63412321939956	0.288777138502918	-2.06941241640683	-0.301915321819575	-0.131808460996074	-0.811554580546207	1.11793329934483	1.54743811696796	0.507291094691324	-1.08653691136255	-0.703698370030345	-1.55446571196956	-0.385522249285077	-0.245093417588356	2.94129529984511	2.30994099877505	0.135904867381258
ENSG00000251400	ALDH7A1P1	-0.055522745948753	0.0299809684142931	-0.0950640435877739	-0.243174909432028	-0.0324499423472475	0.0202736854052887	-0.0105278088758314	-0.0378654224214054	-0.123093773334335	-0.0764863995619038	0.0792580151334089	-0.144030425506155	-0.0320951125620675	-0.0107198406607179	-0.0633824095752427	-0.20464029186525	0.0082023406976707	0.223691700083826	-0.175070442923684	-0.0531288170287797	0.0388517554140268	-0.0127378558348823	-0.0270071527020376	-0.137742001508376	-0.19793137656817	-0.107334245788123	2.30926586403892	0.248199263254476	0.0135534076149974	0.00734404254421683
ENSG00000164253	WDR41	0.251450474178576	-0.4078306417758	0.2459029680359	-0.834086528454306	0.72708124576888	-0.19767808168777	0.175978450185883	0.716503195112532	-0.201713356569449	0.0268978405183918	0.726211399964454	-0.908095568226156	-0.597664208297091	-1.30913871223631	0.355953914978203	-0.822411686707231	0.672800445525487	0.029207490807042	-0.980501349803845	-0.134208499529923	0.14950942400497	-0.0757000732039783	0.499227312962892	-0.334980080770798	-0.0531178066744297	-0.390071358616485	0.884849372330193	0.694345623253742	0.722809855608681	0.494308306091334
ENSG00000244019	RPS2P24	0.000314295255949119	-0.00450046538070144	0.00398400040865912	0.00940843172711194	-0.000453677999553069	-0.0109992107080633	0.00160985772506946	-0.0122459426774271	-0.0043589516131064	-0.00191579039585994	0.00452008822417467	-0.00971629896666961	-0.0125152763108765	-0.0112250944916823	0.00552733607800828	-0.00534973385158951	0.00191269302414328	0.0248158467738781	-0.0051478674624166	-0.00731707643262595	-0.00242962705377436	-0.00142505180637513	0.00689117286285653	-0.00102922788887617	0.00269888062599193	-0.00353675390230865	0.0733554247453645	0.000826851517913451	-0.00188721450867242	0.00567676758720264
ENSG00000244363	RPL7P23	0.195269967705	-0.168712386940655	-0.0532273889034973	-0.333669834793276	0.200874861614008	-0.357035739387928	0.239341837570388	0.318005138071794	0.0144494698150546	0.0562528028585407	0.274718103572341	-0.359793826132006	-0.245741401442957	-0.451670123450604	0.0789225751053561	-0.135692662295178	0.323446271573875	0.82985852160474	-0.133842678635285	-0.00717632609185567	0.133470442909099	0.0405463223289901	0.29831735068309	-0.0844834423223502	-0.0689617183554304	-0.0437655146795823	0.153230726981968	0.158213823614106	0.347264463750519	0.246208090369188
ENSG00000213763	ACTBP2	0.0537805565334959	-0.366457828032795	0.249657035038585	0.517119080986655	0.912542101214239	-0.457196859839195	-0.0194214492228225	-0.002562548610722	0.480001894937087	0.385088606089308	0.333032272955986	-0.475599474770556	-0.447662375103954	-0.543208318415356	0.326621073628711	-0.560002163207359	0.056593759679869	-0.0509779679705168	-0.62959643942091	-0.405702666510595	-0.0435381881273265	-0.273137241250072	-0.0103070535371291	0.023289813935247	-0.0461280986837875	-0.0592855049004807	-0.419389603568082	-0.142738780368624	0.530810169520475	0.0558160448437312
ENSG00000253572	RP11-107N7.1	-0.00653314088355567	-0.0269208921312644	-0.00926346938865579	0.0114766474232945	-0.0059263401942538	0.037967982836249	-0.00987428869834342	-0.0318170272001889	-0.0198198009020966	-0.0221732920410232	-0.0281644278976486	-0.0293588669621637	-0.0226283625165794	-0.0223397714342767	0.0124844583996853	-0.023244406775658	0.0350020850064617	-0.0298274421081705	-0.0297356118934071	-0.0210159725901811	-0.0176845246506956	-0.0180985600715702	0.0111552188711357	0.000169837075253219	0.0363228036355393	-0.0206247074911498	0.0339589304992323	-0.0214871762505741	-0.0126155690535502	-0.0174669407941466
ENSG00000132842	AP3B1	0.408999551884472	0.000242732880467545	0.380960060682533	-0.329417385639762	0.665014332828341	-0.898934793199118	0.394832550204357	0.452851060150014	0.172612890879208	0.250240619949355	0.356037232710933	-1.0541578046414	-0.231018838811746	-1.54047509887933	0.350012272642708	-0.908354733897212	0.604275893249069	0.0543545694531638	-0.869639154827468	0.865283946659426	0.00114845887185073	0.542312495384628	0.663418150236315	0.227905936201569	0.141139378530212	-0.0083991395218941	0.0137618664621956	0.813464410503151	0.544431300655528	0.565711499465615
ENSG00000253558	CTD-2179L22.1	0.0242033490565528	-0.034738115944395	0.000676191576560248	-0.0401791706216221	-0.025146044489662	-0.0317302104979189	0.0366415372929782	0.0919861889421714	-0.0110175462515049	-0.0172520143171281	-0.00207188745304081	-0.066836887402179	-0.0422515094729946	-0.0610262322019599	0.0360986148130427	-0.0793600865245297	0.0761050447366882	0.0546141747709865	-0.0334745467113806	0.184474076111286	-0.00374568421515534	0.0632047267177368	0.0117605112646367	0.0522590843305465	0.0536140421728632	-0.018934422471543	0.130128855915339	0.0900014738490153	0.055247728108791	0.059028052843411
ENSG00000249372	ATP6V1G1P6	0.0183197569167394	-0.0276356003108591	-0.013402288952528	-0.00680627930518174	0.0164598487378049	-0.027961850085671	0.0311775860715012	0.0762378456093849	-0.0104080699879667	-0.0115148935026526	0.0372664869498185	-0.0248214123819122	-0.0264070079181326	-0.0278583985745658	0.00685824234595835	-0.0310201164564223	0.0452126461506875	0.0348914430391378	-0.0217630647416724	-0.0062885012584423	-0.0152338513196285	0.0345855629249351	0.00722689775252279	-0.00636689782248634	-0.00138254934778004	-0.0137214670418229	0.113332998314899	0.0292960664126078	0.0236783376391738	0.0381062524762144
ENSG00000251605	CTD-2037K23.1	0.000207080979457104	-0.000763987915259091	-0.00147881361197535	-0.000193846752732414	0.000527568107911185	-0.000406210443844233	-0.000274193340261875	0.00790205926196177	-0.000578427825370857	-0.000335992966618161	-0.00147881361197535	-0.00135757047551546	-0.00147881361197535	-0.000782104092297291	-0.000140073037818776	-0.00103857115224755	0.000817197941081592	-0.00147881361197535	-0.0012331140717281	0.000864455601057008	-0.00047381096495547	-0.000755502642612671	-0.000960779979665636	-0.00147881361197535	-0.00147881361197535	-0.000306671741990916	0.0185179131978414	-0.000788822124989878	0.00179364914199057	0.000386413967964758
ENSG00000200331	RNU6-183P	0.000641834003233247	-0.000726975292967066	-0.000726975292967066	-9.31705921968291e-05	0.000462353664279419	-0.000353815587295738	0.000134683912664692	-0.000726975292967066	-0.000193267120280933	0.000265708890029106	-0.000726975292967066	-0.000324499727313153	-0.000726975292967066	0.00378645655903088	-0.000726975292967066	-0.000726975292967066	0.000395437524713611	-0.000726975292967066	-0.000726975292967066	0.0017151582777723	-0.000726975292967066	-0.000726975292967066	-0.000143921886090525	-0.000726975292967066	-0.000726975292967066	-0.000726975292967066	0.00223497008195897	-0.000726975292967066	0.00422818180166019	-0.000726975292967066
ENSG00000206714	Y_RNA	3.93082367092601e-05	-0.000708749678823955	-0.000708749678823955	-0.000708749678823955	-0.000708749678823955	0.000421284016086337	-0.000708749678823955	-0.000708749678823955	-0.000708749678823955	-0.000469328204538231	-0.000708749678823955	0.000353168410360716	-0.000708749678823955	-0.000708749678823955	0.00123373694839568	0.00058589740795546	-7.4247200177114e-05	-0.000708749678823955	0.000653724117798166	0.000434919194060302	-0.000708749678823955	-0.000708749678823955	-0.000258614538689346	-0.000708749678823955	-0.000708749678823955	0.000627019143923444	0.00247125107401617	0.00144365353782154	-0.000708749678823955	-0.000708749678823955
ENSG00000245556	CTD-2037K23.2	0.228616708839798	0.459521087941091	0.448398996394577	-0.934603423985287	0.297112498406797	-0.0587333975649183	0.55052085014896	0.522849603008283	0.194937613343919	-0.0423432025200293	0.71273595897907	-1.4366795869507	0.37978193518076	-1.10381633765179	0.0654478673856885	-1.69822620160284	0.882409356584202	0.535565047175039	-0.843198285457209	1.06400245901615	0.787444084344057	0.160407131201312	-0.00135945018053703	0.395300692537396	0.785496056201464	-0.0441118309313595	1.30189557148057	1.36573890296796	0.826093615778309	0.206507584499059
ENSG00000085365	SCAMP1	0.326253156921061	-0.397271245725178	0.448820723526377	-1.73008324940692	0.694586370659554	0.436843258995027	0.417176071815871	0.532155707344712	0.096411229171562	0.0738835482584705	0.414765840964709	-1.05105855267678	-0.859158880905133	-1.55961855318313	0.0242669319939598	-0.868342617000586	0.466795158082546	0.383716712161566	-0.977916143401721	0.883517477211118	0.226444355429425	0.3279129062699	0.211126145437651	-0.418473592633849	-1.00050115709213	-0.0241744593046523	-0.263896335997038	0.504697837515295	0.577686164763676	0.576636773723063
ENSG00000113273	ARSB	0.30675542121927	-0.0254795063299059	0.642242630505595	-0.378033101890759	1.08683568307323	-0.437710371242001	-0.0617443937019916	0.579361805226776	0.273226917086516	0.588831855463888	0.3246659350475	-0.437640159838281	0.0268187348910111	-0.645587729127718	0.732636572429632	-0.954595655072449	0.0455784670276012	-0.14954966602066	-0.622299595591623	-0.0866239805311339	0.215909091896961	-0.461116637155871	-0.174801027703854	-0.0840721579443072	0.0571103776837576	-0.141213503155666	-0.468771362595242	0.2477078142698	0.930105634107398	-0.0771713259201996
ENSG00000214890	CTD-2299I21.1	-0.00325168787489768	0.0285431213145754	-0.00427652293590228	-0.0741856707909914	-0.0475658837509423	-0.018411206668437	-0.00763146545910384	0.0618849901590803	-0.027448759950793	0.00726684440701469	0.0581588346332174	-0.0531605406690932	0.184375032219937	0.922145838739407	-0.0543477842064232	-0.0516157169999613	0.140060410073777	0.0519340103970413	-0.0235938600996704	0.0707849627769096	0.0144956953786938	-0.0470590830233552	-0.0527287401453391	-0.0521333722174314	-0.0658737061035391	-0.0322734177737737	0.175706350095001	0.0767228039500844	0.0301735734539434	-0.0338425765942392
ENSG00000228219	NPM1P30	-0.0413538977111139	-0.0434443181692418	-0.0392067889461316	-0.0444072997846847	-0.0450859579761604	0.0448976892498683	-0.0121273604490843	-0.0153101103188038	-0.0406006975326501	-0.030072938910316	-0.0484553836211052	-0.0433368532284938	-0.0325260435259557	-0.0444145696114406	-0.00737117623926898	-0.0457726307405687	-0.0177781648748829	-0.0270059477080432	-0.0371343765790494	0.0744859822366749	-0.0172898647546612	0.00574971399236826	0.0208968045667633	-0.0393674225459887	-0.0433847871075623	-0.0398953799527777	0.516987072319234	0.0622577621207677	-0.0373729740222211	-0.000554248958638748
ENSG00000148444	COMMD3	-0.0273641959819373	-0.0299536922074359	0.367129549808821	-1.31170578848429	0.372378904461902	-0.442764872166258	0.188926967215885	0.452611063611544	0.277429115986608	0.154801647048844	0.406217638128543	-0.377236958306445	-0.581891600505143	-0.705286151373171	0.175692387943397	-0.038466544163823	0.592149461632993	0.0179444456769885	-0.437247589173008	0.587391865702709	0.398214549596762	0.220801279797944	0.429715939822067	0.20895118079853	0.490675661143387	-0.262602467368936	0.68188399415546	0.202273888233655	0.482827560051956	0.241087243158989
ENSG00000168283	BMI1	0.345730795646428	0.175057917233319	0.652119195878299	-2.04625007176777	0.822442798711229	-0.0310400386611421	0.307220803717722	0.629083245513701	0.328134352494967	0.12330974030184	0.66093409030691	-1.17641579209212	-0.696852891810457	-0.832236014213433	0.346370412702431	-0.127387406600347	0.825265591880796	0.272322477831247	-1.04527843131578	0.749529831634748	0.506678499486969	-0.0140961869711554	-0.140820976144885	0.019578356702063	0.448870717322529	-0.181824462387506	0.765829258122725	0.355023230449075	0.727009555656366	0.179127102456365
ENSG00000272516	RP11-573G6.9	-0.0529243754571009	-0.0550937419987955	0.0365336919685145	-0.138941415585594	0.0858424334997653	0.115696503171421	-0.0479789686775003	0.0485712909635818	-0.00510649147861937	-0.0276861465367076	0.00508458260650382	-0.141194715741669	-0.0611023753260386	-0.113397890954057	-0.00670081285128987	-0.047617627316909	0.0440527169860804	-0.102973204349535	-0.110292378064431	0.196469468819554	-0.0166815544988972	-0.0746062901715472	-0.07242613856278	-0.03279473024581	-0.0019042001397327	-0.0236253801358735	0.617423783770849	-0.054861718167696	-0.000757397732996933	-0.0454708683043645
ENSG00000272366	RP11-573G6.10	0.00969344198267082	-0.0179969868144786	-0.115595905692983	-0.0493290428956849	0.0016990881828519	-0.0752234371326128	0.0305315453701473	-0.0400300261983196	-0.0505725243736754	-0.0403887774027331	0.128222313745946	-0.120732749041537	-0.0736334095223393	-0.101836014431126	-0.00841298017537799	-0.0181274237230752	0.0202345046654987	0.0266362213530799	-0.0841264091876063	0.716101546235195	-0.00605999610561497	-0.0736518345964241	-0.0202933329853869	-0.0233879925350965	0.0500220925219248	-0.0593762888636569	1.05831864267223	-0.0339790254324616	0.0123616680048781	-0.104196334091766
ENSG00000077327	SPAG6	-0.430916417577076	-0.463918899263931	-0.41517345599339	-0.252312725583819	-0.444049391401192	0.389277222050065	0.0226991549640039	0.222444185871297	-0.428558241596423	-0.433099943676886	1.79054070301	-0.489380526513574	-0.158625227498263	-0.490832265528596	1.37046067763268	-0.466817332585237	-0.284756441020242	-0.40938594782438	-0.367870476889657	3.70476588892061	0.463917596816881	-0.449945895871252	-0.241722477402373	-0.423648772086562	-0.421462592729611	-0.438699483529521	5.06443556599235	-0.21499439753209	-0.410545507943362	-0.439724619970049
ENSG00000165309	ARMC3	-0.276260484499616	-0.280819856457131	-0.274197133649872	-0.242650879080661	-0.249934436408141	0.380805427087228	-0.239338502345193	0.204982913988579	-0.228270636522171	-0.249185671868242	1.67915591921313	-0.267613863000976	-0.0329899171570702	-0.282240659700429	0.818318516241307	-0.280605761779772	-0.219230222260528	-0.218671086580515	-0.115577964160412	0.867810755025655	-0.174750042985853	-0.202142495016439	-0.275601840680979	-0.245661783492405	-0.268866536514817	-0.26444913287483	4.29592633239072	-0.144798503056187	-0.177049424234673	-0.268640235571968
ENSG00000148450	MSRB2	0.026252659789902	0.314944923373305	0.58893847775127	-0.96919465428776	0.594100583537901	0.114498011473994	-0.0521899501288367	0.53821644824264	0.500714185020416	0.347305016274275	0.772273108901679	0.665057294042193	-0.106514596108667	0.0688910058586234	0.0352964377488231	0.200611818074509	-0.270437591084637	0.287544583113667	-2.32163696400401	0.59913853671089	0.485102598680301	-0.515936345239202	-0.653009199308635	-0.156083095120284	-0.216478315475923	-0.599611703849918	-0.996937506084358	0.638864771578878	0.766728325706261	0.117055048516375
ENSG00000252049	SNORA40	-0.00271996451815257	-0.00264273310574917	-0.00463535715572681	-0.00463535715572681	-0.00307817043873571	0.00641914423320818	9.12294263697478e-05	-0.00463535715572681	-0.00463535715572681	-0.00284845955179121	-0.00463535715572681	-0.0037239860227818	-0.00463535715572681	-0.00463535715572681	-0.00330184273171874	-0.00463535715572681	-0.00290702138029605	-0.000820842840084642	0.0760869893614278	0.00235956947886851	-0.00463535715572681	-0.00463535715572681	-0.00304345572428087	-0.00463535715572681	-0.00278323221017248	0.000365393277501309	0.00498350574451795	-0.00256347015535485	-0.00463535715572681	-0.00463535715572681
ENSG00000168267	PTF1A	-0.175079608121142	-0.213093272881405	-0.156403231514373	-0.227098974592686	-0.183991881850664	0.0818206341523276	-0.166032003839667	-0.0562739556690979	-0.193522777149225	-0.204070892489654	0.0800759053197168	-0.217188664915142	-0.211564889472071	-0.221937441100391	-0.185052998905398	-0.215935188802345	-0.0930114381418399	-0.090600444864839	4.71192317973051	-0.0546964176771618	-0.16491406079494	-0.210045005968966	-0.208878988868286	-0.197472440411843	-0.205537798970427	0.719165580505379	1.49638812174397	-0.187496384525684	-0.0464794806697869	-0.119911327004103
ENSG00000179133	C10orf67	-0.248938125861584	-0.247662179202886	-0.266747234851673	-0.283534514320185	-0.281226870460177	0.0463779018328246	-0.277396171718418	-0.154300119938839	-0.238814337829273	-0.249420696231761	0.472451707378435	-0.14896770462045	0.290472598657972	-0.248807792887848	0.8213754417683	-0.226074917571688	0.480242882901255	-0.0452642039468421	-0.249086115046676	1.16129075862639	-0.262012176166727	-0.274281053553067	0.115098008080311	-0.221199873153385	-0.19614164692886	-0.250081545659777	3.02068074546286	-0.0766052341805469	-0.267237629737606	-0.232865065947956
ENSG00000227537	RP11-215C7.3	-0.0156565002197885	-0.0184776600994676	-0.020001393112795	-0.0190199714285606	-0.0175583621643454	-0.014066418743462	-0.0178949457741049	0.00666721145566057	-0.0177162103723011	-0.0178039157567097	0.121478701509545	-0.0182288895045588	-0.00572825753065901	-0.0178053358348095	0.0840243679978681	-0.0188344503389258	0.0679625476672043	0.013096816623852	-0.0177053591334154	0.0907021243347721	-0.0192884866657192	-0.020001393112795	0.0398178959847968	-0.0154942999246073	-0.01519775583658	-0.014789209938243	0.0731254783613496	-0.00266908321334361	-0.018246017858843	-0.0187685698112918
ENSG00000224215	RP11-371A19.2	-0.240963096489335	-0.264084122531016	-0.146406192822927	-0.275207891591309	-0.266127948743217	0.0298867623043199	-0.25768663577827	-0.139720014305588	-0.155128111241625	-0.188018851778059	-0.000675403577290222	0.0852056692488294	0.0501226660429884	-0.303425326175607	1.9536445652521	-0.293121348176403	0.69624634794387	0.390585866677771	-0.307081505317209	0.738293342751744	-0.226648487752825	-0.282041716468492	-0.113359200428994	-0.121999542463409	-0.191227769451674	-0.229362176385883	0.662033890159554	0.24633086254532	-0.214941838383219	-0.112741172138096
ENSG00000264574	MIR1254-2	-0.00030337968995416	-0.00030337968995416	-0.00030337968995416	-0.00030337968995416	0.000129232738935076	1.45566617557796e-06	-0.00030337968995416	-0.00030337968995416	-0.00030337968995416	-0.00030337968995416	-0.00030337968995416	0.000380593001914751	-0.00030337968995416	-0.00030337968995416	0.00191422004745649	-0.00030337968995416	-0.00030337968995416	-0.00030337968995416	0.00187171751453697	-0.00030337968995416	-0.00030337968995416	-0.00030337968995416	0.000106413547982552	0.00271807582287057	-0.00030337968995416	-0.00030337968995416	-0.00030337968995416	-0.00030337968995416	-0.00030337968995416	-0.00030337968995416
ENSG00000165312	OTUD1	0.493124009291993	-0.0860595395281203	0.152471964246133	-0.756289099102402	0.455127732678778	-0.890286827725417	0.440784909856882	0.489177834728716	-0.0968985975274789	-0.0789552237418473	0.621767924791513	-0.0290362969654955	-0.430526195567629	-1.28347727718214	0.993955349505533	-0.274283842168029	0.816445517108423	0.632887579710162	-1.38895836593209	0.187200989267501	-0.207213510521486	-0.340591754270526	0.559840259092555	-0.0335768839419228	0.76813646187005	-0.148182413656581	0.409540986976236	0.492720417196024	0.715579759864885	0.150967349778934
ENSG00000223928	RP11-183E9.2	0.150725579848537	-0.011509123532768	-0.0174041274396042	-0.0510078674720671	-0.0312164338267722	-0.0475513410944065	0.147920861481886	0.00278599289593798	-0.0308253354314275	-0.0251667844921656	-0.0181251198000415	-0.0113914012560555	0.00494597093150467	-0.0396316969739268	0.227139940722299	0.00316044831485987	-0.00932504071373897	-0.0318886651720936	-0.026682512368501	-0.0027699860481922	0.00140128817790904	-0.0297177438706572	-0.0418329376356431	-0.0377443769278164	-0.0245852406516495	-0.0407216869038331	-0.0393505851854071	0.094165503086598	0.00227140428940737	-0.0331065276070647
ENSG00000207930	MIR603	0.0138948060521881	-0.00476206669894003	-0.00842465080325713	-0.00696956942188077	-0.00748732108711623	-0.00750954086340186	0.0322868042779443	-0.00842465080325713	-0.00357150107580451	-0.00223463366849346	-0.00842465080325713	-0.00424297210188835	-0.00712645571399054	-0.00842465080325713	-0.00337597258979895	-0.00019126912871959	0.00986289838002251	0.00081004653441422	-0.00569722064073136	-0.00363970661777681	0.0106379478658286	0.0107364479223681	0.00693008023954735	-0.00842465080325713	-0.00184778542852705	-0.00417177653772646	-0.00699692312074756	0.00995703203763226	-0.00842465080325713	0.0077873099998953
ENSG00000151023	ENKUR	-0.505191893791629	-0.485089168051821	-0.461410674443498	-0.259148664324127	-0.425346079598126	1.51043399827258	-0.481270326864517	0.107211316752947	-0.461608424270144	-0.512073138034299	1.45602341065908	-0.542612064445515	-0.391823618778331	-0.263511217057928	0.810274295161399	-0.562210059488739	-0.443121910371423	-0.069775188108009	-0.529955501976638	2.16315839536435	-0.404690459602743	-0.514657086413309	-0.492479096383107	-0.276987317001854	-0.321634647823035	-0.39614679578644	2.16417297728935	-0.127069169736411	-0.224202561645814	-0.396536739273324
ENSG00000185875	THNSL1	-0.285313133645814	0.912084495141126	0.204206608547394	-0.980690766641479	-0.235559010720437	0.439420595248262	-0.132867208649613	0.702014027917179	-0.304928915301066	-0.5282112248647	0.555255967629037	-0.512153633268578	0.156759910225671	1.06262842221119	-0.367274906439571	-0.320857245424711	0.11654288910585	0.892357264087664	-0.212179100483863	1.20807162458274	0.144374912104461	-0.062813961893379	0.0160523104789032	-0.127735342742788	-0.0286911130700499	-0.23727842033526	1.63056953492147	1.08744069933101	0.634622655611713	0.234529461172348
ENSG00000231422	RP11-80K21.3	-0.0683134408687206	-0.0760685215530297	-0.0608382926838642	-0.079398066294962	-0.0759516752477941	0.228620860501807	-0.0633020335017692	-0.0387530592379992	-0.0693950522357361	-0.0771031083223083	-0.0343770604393203	-0.0841602123693665	-0.0878140672151056	-0.0875835564697408	-0.06730335379559	-0.0870017535471661	-0.0659352124024536	-0.0350704258494283	-0.0871098481995917	0.294971521628355	-0.0646509237216614	-0.0760706055103926	-0.0780891307394697	-0.0512711971193441	-0.0511447236486104	-0.0731447255062568	0.793778916224416	0.0217208683754171	-0.0227012579301795	-0.0576425273724242
