uniqID	CADD	RDB	E001	E002	E003	E004	E005	E006	E007	E008	E009	E010	E011	E012	E013	E014	E015	E016	E017	E018	E019	E020	E021	E022	E023	E024	E025	E026	E027	E028	E029	E030	E031	E032	E033	E034	E035	E036	E037	E038	E039	E040	E041	E042	E043	E044	E045	E046	E047	E048	E049	E050	E051	E052	E053	E054	E055	E056	E057	E058	E059	E061	E062	E063	E065	E066	E067	E068	E069	E070	E071	E072	E073	E074	E075	E076	E077	E078	E079	E080	E081	E082	E083	E084	E085	E086	E087	E088	E089	E090	E091	E092	E093	E094	E095	E096	E097	E098	E099	E100	E101	E102	E103	E104	E105	E106	E107	E108	E109	E110	E111	E112	E113	E114	E115	E116	E117	E118	E119	E120	E121	E122	E123	E124	E125	E126	E127	E128	E129
4:140848823:C:T	0.823	6	15	15	15	15	5	15	15	15	15	15	15	15	15	15	15	15	15	15	15	15	14	15	15	14	15	14	15	14	15	15	15	15	5	14	15	5	15	15	15	15	15	15	15	14	15	15	15	15	14	15	15	14	15	15	15	14	15	15	15	15	15	5	15	15	15	15	15	15	15	15	15	15	15	15	15	15	15	5	15	15	5	15	5	15	5	15	15	15	15	15	15	15	15	5	5	5	15	15	15	15	15	15	15	15	7	15	15	15	15	15	5	15	15	14	15	14	14	14	14	15	14	15	15	15	15	15	14
4:140851169:C:G	0.019	6	15	15	15	15	5	15	15	15	15	15	15	15	15	15	15	15	15	15	15	15	14	15	15	14	15	13	15	14	15	15	15	15	5	15	15	5	15	15	15	15	15	15	15	14	15	15	15	15	13	15	15	14	15	15	15	14	15	15	15	15	15	5	15	15	15	15	15	15	15	15	15	15	15	15	15	15	15	7	15	15	15	15	5	15	5	15	15	15	15	15	15	15	15	5	5	5	15	15	15	15	15	15	15	15	5	15	15	15	15	15	5	15	15	14	15	14	14	14	14	15	14	15	15	15	15	15	14
4:140856533:A:G	19.950	NA	5	15	15	15	15	15	15	15	15	5	7	15	5	5	15	5	5	15	5	5	15	15	15	5	15	13	5	14	15	5	15	15	5	15	15	5	15	15	15	15	15	15	15	14	15	15	15	15	13	5	15	15	15	15	15	15	15	15	15	15	15	5	15	15	15	15	15	7	15	15	15	15	15	15	7	7	15	7	15	15	15	15	15	5	7	7	15	15	15	15	5	15	15	15	5	5	15	15	15	15	15	15	15	15	15	15	15	5	15	15	15	5	15	14	15	15	14	14	14	5	14	15	15	5	15	15	14
4:140856750:A:G	1.085	NA	5	15	15	15	15	15	15	15	15	5	7	15	5	5	15	5	5	15	5	5	15	15	15	5	15	13	5	14	15	5	15	15	5	15	15	5	15	15	15	15	15	15	15	14	15	15	15	15	13	5	15	15	15	15	15	15	15	15	15	15	15	5	15	15	15	15	15	7	15	15	15	15	15	15	7	5	15	5	15	15	15	15	15	5	7	5	15	15	15	15	5	15	15	15	5	5	15	15	15	15	15	15	15	15	15	15	15	5	15	15	15	5	15	15	15	15	14	14	14	5	14	15	15	5	15	15	14
4:140856797:G:GTT	2.132	NA	5	15	15	15	15	15	15	15	15	5	7	15	5	5	15	5	5	15	5	5	15	15	15	5	15	13	5	14	15	5	15	15	5	15	15	5	15	15	15	15	15	15	15	14	15	15	15	15	13	5	15	15	15	15	15	15	15	15	15	15	15	5	15	15	15	15	15	7	15	15	15	15	15	15	7	5	15	5	15	15	15	15	15	5	7	5	15	15	15	15	5	15	15	15	5	5	15	15	15	15	15	15	15	15	15	15	15	5	15	15	15	5	15	15	15	15	14	14	14	5	14	15	15	5	15	15	14
4:140858717:C:T	1.481	NA	5	15	15	15	15	15	15	15	15	5	7	15	5	15	15	5	5	15	5	5	15	15	15	15	15	14	5	14	15	7	15	15	5	15	15	5	15	15	15	15	15	15	15	15	15	15	15	15	14	5	15	15	15	15	15	15	15	15	15	15	15	15	15	15	15	15	15	15	15	15	15	15	15	15	15	15	15	5	15	15	15	15	15	5	5	15	15	15	15	15	5	15	15	15	5	5	15	15	15	15	15	15	15	15	15	15	15	5	15	15	15	5	15	15	15	15	14	14	14	5	15	15	15	5	15	15	14
4:140862671:C:T	1.771	6	5	15	15	15	15	15	15	15	15	5	4	15	5	15	15	5	5	15	5	5	15	15	15	15	15	14	5	14	15	7	15	15	5	14	15	5	15	15	15	15	15	15	15	15	15	15	15	15	14	5	15	15	15	15	15	15	7	15	15	15	15	15	15	15	15	15	15	15	15	15	15	15	15	15	15	15	15	5	15	15	15	15	15	5	5	15	15	15	15	15	5	15	15	15	5	5	15	15	15	15	15	15	15	15	15	15	15	5	15	15	15	5	15	15	15	15	14	14	14	5	15	15	15	5	15	15	14
4:140862678:G:GTGT	1.854	NA	5	15	15	15	15	15	15	15	15	5	4	15	5	15	15	5	5	15	5	5	15	15	15	15	15	14	5	14	15	7	15	15	5	14	15	5	15	15	15	15	15	15	15	15	15	15	15	15	14	5	15	15	15	15	15	15	7	15	15	15	15	15	15	15	15	15	15	15	15	15	15	15	15	15	15	15	15	5	15	15	15	15	15	5	5	15	15	15	15	15	5	15	15	15	5	5	15	15	15	15	15	15	15	15	15	15	15	5	15	15	15	5	15	15	15	15	14	14	14	5	15	15	15	5	15	15	14
4:140863365:A:C	1.308	5	5	15	15	15	7	15	15	15	15	5	5	15	5	15	15	5	5	15	5	5	15	15	15	15	15	14	5	14	7	7	15	15	5	14	15	5	15	15	15	15	15	15	15	15	15	15	15	15	14	5	15	15	15	15	15	15	15	15	15	15	15	15	15	15	15	15	15	15	15	15	15	15	15	15	15	15	7	7	15	15	7	15	15	5	5	15	15	15	15	15	5	15	7	15	7	5	15	15	15	15	15	15	15	15	15	15	15	5	15	15	15	5	15	15	15	15	14	14	14	5	15	15	15	5	15	15	14
4:140864455:C:T	2.412	3a	7	7	7	5	7	15	15	15	7	7	2	7	7	7	7	7	7	7	7	2	15	15	15	15	15	14	7	14	5	5	15	15	5	14	15	5	15	15	15	15	15	15	15	15	15	15	15	15	14	5	15	15	15	15	15	15	15	15	15	7	15	15	15	15	15	15	15	15	15	15	15	15	15	15	15	15	15	5	15	15	7	15	15	5	5	15	15	15	15	15	5	15	5	15	7	7	15	15	15	15	15	15	15	15	15	15	15	5	15	15	15	7	15	15	15	15	14	14	14	5	7	15	7	5	15	15	14
4:140864757:G:T	1.033	2b	7	7	7	7	5	15	15	7	7	7	2	7	7	7	7	7	7	7	7	2	15	15	15	15	15	14	7	14	5	5	15	15	5	14	15	5	15	15	15	15	15	15	15	15	15	15	15	15	14	5	15	15	15	15	15	15	15	15	15	7	15	15	15	15	15	15	15	15	15	15	15	15	15	15	15	15	15	5	15	15	7	15	15	7	5	15	15	15	15	15	5	15	5	15	7	7	15	15	15	15	15	15	15	15	15	15	15	5	15	15	15	7	15	15	15	15	14	14	14	5	7	15	7	5	15	15	14
4:140865267:A:G	2.043	6	15	15	15	15	15	15	15	14	15	15	5	15	5	15	15	15	5	15	15	15	15	15	15	15	15	14	5	14	5	5	15	15	5	14	15	5	15	15	15	15	15	15	15	15	15	15	15	15	14	5	15	15	15	15	15	15	15	15	5	5	15	15	15	15	15	15	15	15	15	15	15	15	15	15	15	15	15	5	15	15	15	15	15	15	5	5	15	15	15	15	5	15	5	15	5	15	15	15	15	15	15	15	15	15	15	15	15	5	15	15	15	5	15	15	15	15	14	14	14	5	15	15	15	5	15	15	14
4:140867514:A:G	15.370	NA	15	15	15	15	15	15	15	14	15	15	5	15	5	15	15	15	5	15	15	15	15	15	7	15	15	14	7	14	7	7	15	15	5	14	15	7	15	15	15	15	15	15	15	15	15	15	15	15	7	5	15	15	15	15	15	15	15	15	5	5	15	15	15	15	15	15	15	15	15	15	15	15	15	15	15	7	15	5	15	15	15	15	15	15	7	5	15	15	15	15	5	15	5	15	5	15	15	15	15	15	15	15	15	15	15	15	15	15	15	5	15	5	15	7	15	15	14	14	13	5	15	7	15	7	15	15	14
4:140867638:A:G	6.256	NA	15	15	15	15	15	15	15	14	15	15	5	15	5	15	15	15	5	15	15	15	15	15	7	15	7	14	5	15	7	7	7	15	7	14	15	7	15	15	15	15	15	15	15	15	15	15	15	15	7	5	15	15	15	15	15	15	15	15	5	5	15	15	15	15	15	15	15	15	15	15	15	15	15	15	15	7	15	7	15	15	15	15	15	15	7	5	15	15	15	15	5	15	5	15	5	15	15	15	15	15	15	15	15	15	15	15	15	15	15	5	15	5	15	7	15	15	14	14	13	5	15	7	15	7	15	15	14
4:140868446:A:G	1.041	NA	15	15	15	15	15	15	15	14	15	15	5	15	7	15	15	15	7	15	15	15	15	15	7	15	7	14	5	7	7	7	5	7	7	14	15	7	15	15	15	15	15	15	15	15	15	15	15	15	2	7	7	7	15	15	7	15	15	15	5	5	15	7	15	7	15	15	15	15	15	15	15	15	15	15	15	7	15	7	15	15	15	15	15	15	5	7	15	15	15	15	7	15	15	7	7	15	15	15	15	15	15	7	15	15	15	15	7	15	7	5	15	7	15	2	15	15	14	14	12	7	15	2	15	7	15	15	7
4:140868894:A:G	2.069	NA	15	15	15	15	15	15	15	14	15	15	5	15	15	15	15	15	5	15	15	15	7	15	7	15	7	14	5	14	7	7	5	14	5	14	15	7	15	15	15	15	15	15	15	15	15	7	15	15	7	7	5	7	15	15	7	14	15	15	5	5	15	5	15	15	15	15	15	15	15	15	15	15	15	15	15	15	15	7	15	15	15	15	15	15	5	5	15	15	15	15	7	15	15	7	5	15	15	15	15	15	15	5	15	15	15	15	5	15	15	5	15	15	15	15	15	15	14	14	13	15	15	7	15	14	15	15	14
4:140869936:A:G	1.340	NA	15	15	15	15	15	15	15	14	15	15	5	15	15	15	15	15	5	15	15	15	5	15	5	15	15	14	5	14	7	7	5	14	5	14	15	5	15	15	15	15	15	15	15	15	15	14	15	15	5	5	5	15	15	15	5	14	15	15	5	5	15	7	15	15	15	15	15	15	15	15	15	15	15	15	15	15	15	5	15	15	15	15	15	15	5	5	15	15	15	15	5	15	15	5	5	15	15	15	15	15	15	5	15	15	15	15	5	15	15	5	15	15	15	9	15	14	14	14	13	15	14	7	15	14	15	15	14
4:140870241:A:C	0.966	7	15	15	15	15	15	15	15	14	15	15	5	15	15	15	15	15	5	15	15	15	5	15	5	15	15	14	5	14	7	15	5	14	5	14	15	5	15	15	15	15	15	15	15	15	15	14	15	15	5	5	5	15	15	15	5	14	15	15	5	5	15	5	15	15	15	15	15	15	15	15	15	15	15	15	15	15	15	5	15	15	15	15	15	15	5	5	15	15	15	15	5	15	15	5	5	15	15	15	15	15	15	5	15	15	15	15	5	15	15	5	15	15	15	9	15	14	14	14	13	15	14	5	15	14	15	15	14
4:140870359:C:T	0.142	NA	15	15	15	15	15	15	15	14	15	15	5	15	15	15	15	15	5	15	15	15	5	15	5	15	15	14	5	14	7	15	5	14	5	14	15	5	15	15	15	15	15	15	15	15	15	14	15	15	5	5	5	15	15	15	5	14	15	15	5	5	15	5	15	15	15	15	15	15	15	15	15	15	15	15	15	15	15	5	15	15	15	15	15	15	5	5	15	15	15	15	5	15	15	5	5	15	15	15	15	15	15	5	15	15	15	15	5	15	15	5	15	15	15	9	15	14	14	14	13	15	14	5	15	14	15	15	14
4:140870515:C:T	1.962	6	15	15	15	15	15	15	15	14	15	15	5	15	9	15	15	15	5	15	15	15	5	15	5	15	15	14	5	14	5	15	5	14	5	14	15	5	15	15	15	15	15	15	15	15	15	14	15	15	5	5	5	15	15	15	5	14	15	15	5	5	15	5	15	15	15	15	15	15	15	15	15	15	15	15	15	15	15	5	15	15	15	15	15	15	5	5	15	15	15	15	5	15	15	5	5	15	15	15	15	15	15	5	15	15	15	15	5	15	15	5	15	15	15	15	15	14	14	14	13	15	14	5	15	14	15	15	14
4:140872682:C:T	3.045	NA	15	15	15	15	7	7	5	15	9	9	5	15	9	15	9	15	7	15	15	15	7	15	5	7	15	14	7	7	7	15	5	14	7	7	15	7	15	15	7	15	7	15	7	15	15	7	7	15	2	7	7	14	15	15	14	12	15	15	7	7	7	5	15	15	15	15	15	15	7	15	15	5	15	15	15	15	7	5	15	15	15	15	9	15	7	7	15	7	7	15	7	15	5	7	5	7	15	7	15	15	15	5	15	7	15	15	5	15	15	7	7	15	2	7	15	14	14	7	14	15	14	7	7	7	14	15	14
4:140874760:A:G	0.201	NA	15	15	15	15	5	14	5	15	15	15	5	15	14	15	15	15	14	15	15	15	5	15	7	5	15	13	5	14	15	15	14	14	7	15	15	7	15	15	15	15	15	15	15	15	15	14	15	15	13	7	7	14	15	15	14	14	15	15	5	7	14	7	5	15	15	15	15	15	5	15	15	5	15	15	15	15	15	5	15	15	15	15	15	15	15	5	15	5	15	15	15	15	5	5	5	5	15	5	15	15	15	5	15	15	15	15	15	15	15	5	5	15	15	14	15	14	13	14	13	15	14	15	14	14	14	15	13
4:140876479:C:CT	0.741	NA	15	15	15	15	5	14	5	15	15	15	5	15	14	15	15	15	14	15	15	15	5	15	5	5	15	13	5	14	15	15	14	14	5	15	15	5	15	15	15	15	15	15	15	15	15	14	15	15	13	15	5	14	15	15	14	14	15	15	5	7	14	5	5	15	15	15	15	15	5	15	15	5	15	15	15	15	15	5	15	15	15	15	15	15	15	5	15	5	15	5	15	15	5	5	5	5	15	5	15	15	15	5	15	15	15	15	15	15	15	5	5	15	15	14	15	14	13	13	13	15	14	15	14	14	14	15	13
4:140877659:A:G	15.740	NA	15	15	15	15	5	14	7	15	7	2	5	7	15	15	5	15	14	14	14	15	5	15	2	7	1	13	7	14	15	15	14	14	5	15	15	5	15	15	15	14	15	15	15	15	15	14	15	15	13	15	5	14	7	1	14	14	7	15	7	7	14	2	1	15	7	1	2	2	7	2	1	5	15	7	15	15	15	2	1	2	15	15	15	15	7	1	15	7	15	7	15	15	7	5	2	5	15	7	15	15	15	1	15	15	7	7	15	7	15	5	5	7	15	14	15	14	13	13	13	7	14	15	14	14	14	1	13
4:140878643:C:T	3.674	NA	15	15	15	15	5	14	5	15	5	15	7	5	15	15	14	15	15	14	14	15	5	15	15	14	15	13	5	14	15	15	14	14	5	15	15	5	15	14	15	14	15	15	15	15	15	14	15	15	13	15	5	14	7	7	14	14	15	15	5	5	15	5	5	15	7	5	7	7	7	7	5	7	15	15	15	15	15	7	7	7	15	15	15	15	5	7	15	15	15	15	15	15	5	5	5	5	15	5	15	15	15	5	15	15	15	5	15	5	15	5	5	5	15	14	15	14	13	14	14	5	15	15	14	14	14	15	13
4:140879929:G:T	1.438	NA	15	15	15	15	5	14	5	15	5	15	5	5	15	7	14	15	15	14	14	15	5	15	15	14	15	13	7	14	15	15	14	14	5	15	15	5	15	14	15	14	15	15	15	15	15	14	15	15	13	15	5	14	5	5	14	15	15	15	5	7	15	5	5	15	5	7	7	7	2	2	5	7	15	15	15	15	15	7	15	15	15	15	15	15	5	5	15	15	15	15	15	5	5	5	5	5	15	7	15	15	15	5	15	15	15	5	15	5	15	5	5	5	15	14	15	14	13	14	13	7	15	15	14	14	14	15	14
4:140880109:C:T	3.839	NA	7	15	15	15	5	14	5	15	5	15	7	5	15	7	14	15	15	14	14	15	5	15	15	14	15	13	7	14	15	15	14	14	5	15	15	5	15	14	15	14	15	15	15	15	15	14	15	15	13	15	5	14	5	5	14	15	15	15	5	7	15	5	5	15	5	7	7	7	2	7	5	7	15	15	15	15	15	7	15	15	15	15	15	15	7	5	15	15	15	15	15	5	5	5	5	5	15	7	15	15	15	5	15	15	15	5	15	5	15	5	5	5	15	14	15	14	13	14	13	7	15	15	14	14	14	15	14
4:140880322:C:T	3.656	NA	14	15	15	15	5	14	5	15	5	15	7	5	15	14	14	15	15	14	14	15	5	15	15	14	15	13	7	14	15	15	14	14	5	15	15	5	15	14	15	14	15	15	15	15	15	14	15	15	13	15	5	14	5	7	14	15	15	14	5	7	15	5	5	15	7	7	7	5	7	7	5	7	15	15	15	15	15	5	15	15	15	15	15	15	7	5	15	15	15	15	15	5	5	5	5	5	15	5	15	15	15	5	15	15	15	5	15	5	15	5	5	5	15	14	15	14	13	14	13	7	15	15	14	14	14	15	14
4:140881964:A:T	2.551	7	14	15	15	15	5	5	5	15	5	15	7	15	15	14	14	15	15	14	14	15	5	15	15	14	15	13	7	14	15	15	14	14	5	15	15	5	15	15	15	15	15	15	15	15	15	15	15	15	12	15	5	13	5	14	14	15	15	14	7	7	15	5	5	15	5	15	15	5	5	15	5	5	15	15	15	15	15	5	15	15	15	15	15	5	5	5	15	15	15	15	7	5	5	5	5	5	15	5	15	15	15	5	15	15	15	5	15	5	15	5	5	5	15	14	15	14	13	14	13	5	15	15	14	13	13	15	13
4:140882750:A:G	8.146	NA	14	15	15	15	5	5	15	15	5	15	5	15	15	14	14	14	15	14	14	15	5	15	15	14	15	13	7	14	7	15	14	14	5	15	15	5	15	15	15	15	15	15	15	15	15	15	15	15	13	15	7	13	5	7	14	15	15	14	5	5	15	5	5	15	5	15	15	5	5	15	5	5	15	15	15	15	15	7	15	15	15	15	15	5	5	5	15	15	15	15	7	5	7	5	5	5	15	7	15	15	15	5	15	15	15	5	15	5	15	5	7	5	15	14	15	14	13	14	13	7	15	15	14	14	13	15	13
4:140883254:C:G	11.340	7	14	15	15	15	5	5	15	15	5	15	5	15	15	14	14	14	15	14	14	15	5	15	15	14	15	13	7	14	5	15	14	15	5	15	15	5	15	15	15	15	15	15	15	15	15	15	15	15	13	15	7	13	7	7	14	15	15	14	5	5	15	5	5	7	5	15	15	5	5	15	5	5	15	15	15	15	15	5	15	15	15	15	15	5	7	5	15	15	15	15	7	5	7	5	5	5	15	5	15	15	15	15	15	15	15	5	15	5	15	15	5	5	15	14	15	14	14	14	13	7	15	5	14	14	14	15	13
4:140883618:C:T	17.390	NA	14	15	15	15	5	5	15	15	5	15	5	15	15	14	14	14	15	14	14	15	5	15	15	14	15	13	7	14	5	15	14	15	5	15	15	5	15	15	15	15	15	15	15	15	15	15	15	15	13	15	7	14	7	7	15	15	15	14	5	5	15	5	5	7	5	15	15	5	5	15	5	5	15	15	15	15	15	5	15	15	15	15	7	5	5	7	15	15	15	15	5	5	5	5	5	5	15	5	15	15	15	15	15	15	15	5	15	7	15	15	5	5	15	14	15	14	14	14	13	7	15	5	14	14	14	15	13
4:140884105:C:T	1.081	NA	14	15	15	15	5	5	15	15	5	15	5	15	15	14	14	14	15	14	14	15	5	15	15	14	15	13	7	14	5	15	15	15	5	15	15	5	15	15	15	15	15	15	15	15	15	15	15	15	13	15	5	14	5	5	15	15	15	14	5	5	15	5	5	7	5	15	15	5	5	15	5	5	15	15	15	15	15	5	15	15	15	15	5	5	5	7	15	15	15	15	5	5	5	5	5	5	15	5	15	15	15	15	15	15	15	5	15	15	15	15	5	5	15	14	15	14	14	14	13	5	15	5	14	14	14	15	13
4:140884193:A:C	0.521	NA	14	15	15	15	5	5	15	15	5	15	5	15	15	14	14	14	15	14	14	15	5	15	15	14	15	13	7	14	5	15	15	15	5	15	15	5	15	15	15	15	15	15	15	15	15	15	15	15	13	15	5	14	5	5	15	15	15	14	5	5	15	5	5	7	5	15	15	5	5	15	5	5	15	15	15	15	15	5	15	15	15	15	5	5	5	7	15	15	15	15	5	5	5	5	5	5	15	5	15	15	15	15	15	15	15	5	15	15	15	15	5	5	15	14	15	14	14	14	13	5	15	5	14	14	14	15	13
4:140884723:A:C	5.585	NA	14	15	15	15	5	5	15	15	5	15	5	15	15	14	14	14	15	14	14	15	5	15	15	14	15	13	7	14	5	15	15	15	5	15	15	5	15	15	15	15	15	15	15	15	15	15	15	15	13	15	5	14	5	5	15	15	15	14	5	5	15	5	5	5	5	15	15	5	5	15	5	5	15	15	15	15	15	5	15	15	15	15	5	5	5	5	15	15	15	15	5	5	5	5	7	5	15	5	15	15	5	15	15	15	15	5	15	15	15	15	5	5	15	14	15	14	14	14	13	5	15	5	14	15	14	15	13
4:140885521:A:C	4.944	6	14	15	15	15	5	5	15	15	5	15	5	15	15	14	14	14	15	14	14	15	5	15	15	14	15	14	7	14	7	15	15	15	5	15	15	5	15	15	15	15	15	15	15	15	15	15	15	15	14	15	7	14	5	5	15	15	15	14	5	5	15	5	5	5	5	15	15	5	5	15	5	5	15	15	15	15	15	5	15	15	15	15	5	5	7	5	15	15	15	15	5	5	5	5	5	5	15	5	15	15	5	15	15	15	15	5	15	15	15	15	5	5	15	14	15	14	14	14	14	5	15	5	15	15	14	15	14
4:140886354:G:GT	1.823	NA	14	15	15	15	5	5	15	15	5	15	5	15	15	14	14	14	15	14	14	15	5	15	15	14	15	14	7	14	5	15	15	15	5	15	7	7	15	15	15	15	15	15	15	15	15	15	15	15	7	7	2	14	5	5	15	15	15	14	7	7	15	5	5	5	5	15	15	5	7	15	5	7	15	7	15	15	15	5	15	15	15	15	5	7	7	7	15	15	15	15	5	5	5	5	1	5	15	5	15	15	7	15	15	15	5	5	15	15	7	15	5	5	15	14	15	14	14	14	14	5	15	7	15	15	14	15	14
4:140886506:A:G	3.597	6	14	15	15	15	5	5	15	15	5	15	5	15	15	14	14	14	15	14	14	15	5	15	15	14	15	14	7	14	5	15	15	15	5	15	5	7	15	15	15	15	15	15	15	15	15	15	15	15	7	2	7	14	5	5	15	15	15	14	7	7	15	5	5	5	5	15	15	5	7	15	5	7	15	7	15	15	15	5	15	15	15	15	5	7	7	7	15	7	15	15	5	5	5	5	2	5	15	5	15	15	7	15	15	15	5	5	15	15	5	15	5	5	15	14	15	14	14	14	14	5	15	7	15	15	14	15	14
4:140886963:A:G	1.914	4	14	15	15	15	5	5	15	15	5	15	5	15	15	14	14	14	15	14	14	15	5	15	15	14	15	14	7	14	5	15	15	15	5	15	5	7	15	15	15	15	15	15	15	15	15	15	15	15	7	7	7	14	5	5	15	15	15	15	5	7	15	5	7	5	5	15	15	5	7	15	5	5	15	5	15	7	15	5	15	7	15	15	5	5	7	7	15	5	15	15	5	5	5	7	7	5	15	5	15	15	7	15	15	15	5	5	15	15	5	15	5	5	15	14	15	14	14	14	14	5	15	5	15	15	14	15	14
4:140887493:A:T	1.906	7	14	15	14	15	5	5	15	15	7	7	5	14	15	14	14	13	15	13	14	14	5	15	15	14	15	14	7	14	5	15	15	15	5	15	5	5	15	15	15	15	15	15	15	15	15	15	15	15	13	7	7	14	5	5	15	15	15	15	5	5	15	5	5	5	5	15	15	7	5	15	5	5	15	5	15	7	15	5	7	5	15	15	5	5	7	7	15	5	15	15	5	5	5	5	5	5	15	5	15	15	15	15	15	15	5	7	5	15	5	15	5	5	15	14	15	14	14	14	14	5	15	5	15	15	14	15	14
4:140892872:C:T	1.198	NA	13	13	13	13	5	5	15	13	5	5	7	13	15	13	13	13	5	13	13	13	13	14	15	13	7	14	5	14	5	15	15	15	5	15	5	7	15	15	15	15	15	15	15	15	15	15	15	15	14	7	7	14	15	5	15	15	15	15	15	15	15	5	5	5	5	15	15	15	5	5	15	15	15	5	15	5	5	5	15	5	5	15	5	5	5	5	15	5	15	15	5	5	5	15	5	5	15	5	15	15	15	15	5	15	5	5	5	5	5	15	5	5	15	5	15	14	14	14	14	7	15	5	15	15	15	15	14
4:140893287:C:T	7.211	7	13	13	13	13	5	5	15	13	5	5	14	13	15	13	13	13	5	13	13	13	13	14	15	13	7	14	5	5	5	15	15	15	5	15	5	7	15	15	15	15	15	15	15	15	15	15	15	15	14	5	5	14	15	5	15	15	15	15	15	15	15	5	5	5	5	15	15	15	5	5	15	15	15	5	15	5	5	5	15	5	5	15	5	5	5	5	15	5	15	15	5	5	5	15	7	5	15	5	15	15	15	15	5	15	5	5	5	5	5	15	5	5	15	5	15	14	14	14	14	7	15	5	15	15	15	15	14
4:140896461:C:T	2.103	5	13	13	13	14	7	7	5	13	5	5	7	14	15	13	13	13	5	13	13	13	13	13	5	13	5	14	7	5	7	2	7	15	5	15	7	7	15	15	15	15	15	15	15	15	15	5	15	15	5	7	7	5	15	5	15	15	15	15	15	15	15	7	5	5	5	7	15	15	7	5	7	7	15	5	15	5	7	7	7	5	7	15	5	7	5	7	15	5	7	15	7	7	5	7	5	7	15	5	15	15	5	7	5	15	5	5	5	5	5	5	5	5	7	7	15	14	14	15	15	7	15	7	5	15	15	15	14
4:140900251:A:G	2.278	2b	14	15	14	14	5	5	15	14	15	5	5	15	5	14	14	13	15	13	14	14	14	14	15	14	15	14	5	5	7	7	2	7	7	7	7	2	15	7	7	15	7	15	7	15	15	7	15	15	5	7	7	15	15	15	5	15	15	15	5	15	15	5	5	15	5	5	15	15	7	15	5	7	15	5	15	5	15	5	15	5	14	5	5	15	5	15	5	5	7	5	7	15	5	5	5	5	15	5	15	15	15	5	5	5	15	5	7	7	15	7	7	5	7	7	15	14	14	15	15	5	15	2	5	15	15	15	14
4:140903155:C:T	0.117	7	15	15	14	15	5	5	15	15	15	5	4	15	5	14	15	14	15	14	14	15	14	14	15	15	15	14	5	5	5	15	15	15	5	15	5	5	15	15	15	15	15	15	15	15	15	15	15	15	7	5	5	15	15	15	5	15	15	15	5	15	15	5	5	15	5	5	15	15	15	15	5	7	15	5	15	5	15	5	15	15	15	5	5	15	5	15	15	5	15	5	15	15	5	5	5	15	15	5	15	15	15	5	5	15	15	5	15	15	15	15	5	5	15	14	15	14	14	15	15	5	15	5	15	15	15	15	14
4:140905595:C:CCT	1.061	NA	15	15	14	15	5	5	15	15	15	5	5	15	5	14	15	14	15	14	15	15	15	14	15	15	15	14	7	5	5	15	15	15	5	15	5	5	15	15	15	15	15	15	15	15	15	15	15	15	14	5	5	15	15	15	5	15	15	15	5	15	15	5	7	15	5	5	15	15	15	7	5	5	15	5	15	5	15	5	7	15	7	5	5	15	7	15	15	5	15	5	15	15	7	5	5	15	15	5	15	15	15	7	5	15	15	7	15	15	15	15	5	5	15	14	15	14	14	15	7	5	14	15	14	15	15	15	14
4:140906390:C:T	2.756	5	15	15	14	15	5	5	15	15	15	5	7	15	5	14	15	14	15	14	15	15	15	14	15	15	7	14	7	5	5	15	15	15	5	15	5	5	15	15	15	15	15	15	15	15	15	15	15	15	14	5	5	15	15	15	5	15	15	15	5	7	15	5	7	15	5	5	15	15	15	5	5	5	15	5	15	5	15	7	5	7	7	15	5	15	5	7	15	7	15	5	15	15	5	5	5	5	15	5	15	15	15	5	5	15	5	7	15	15	5	15	5	5	15	14	15	14	14	7	7	5	14	15	14	15	15	15	14
4:140908755:A:G	3.311	4	15	15	14	15	5	5	15	15	7	7	7	15	5	14	15	14	5	14	15	15	15	14	7	15	7	14	5	7	5	15	15	15	4	15	15	5	15	15	15	15	15	15	15	15	15	15	15	15	7	5	5	15	7	5	5	15	15	15	7	5	15	7	5	15	7	7	5	7	7	7	7	7	15	7	15	5	5	5	1	15	5	15	5	15	1	7	15	7	15	15	15	5	5	5	7	5	7	7	15	15	7	5	5	15	7	7	15	15	7	15	5	7	15	14	15	14	7	15	5	5	14	15	7	5	15	5	14
4:140909241:G:T	1.399	6	15	15	14	15	5	5	15	15	5	5	5	15	5	14	15	14	5	14	15	15	15	14	5	15	5	14	5	5	5	15	15	15	5	14	15	5	15	15	15	15	15	15	15	15	15	15	15	15	5	5	5	15	5	5	5	15	15	15	15	5	15	5	5	15	5	5	5	5	5	5	5	5	15	5	15	5	5	5	15	15	5	15	5	15	5	15	15	15	15	15	15	5	5	5	5	5	5	5	15	15	5	5	5	15	5	5	15	15	7	15	5	5	15	14	15	14	5	15	5	5	14	15	5	5	15	5	14
4:140909431:A:G	1.201	7	15	15	14	15	5	5	15	15	5	5	7	15	5	14	15	14	5	14	15	15	15	14	5	15	5	14	5	5	5	15	15	15	5	14	15	5	15	15	15	15	15	15	15	15	15	15	15	15	5	5	5	15	5	5	5	15	15	15	15	5	15	5	5	15	5	5	5	5	5	5	5	5	15	7	15	5	5	5	15	15	5	15	5	15	5	15	15	15	15	15	15	5	5	5	5	5	5	5	15	15	5	5	5	15	5	5	15	15	7	15	5	5	15	14	15	14	5	15	5	5	14	15	5	5	15	5	14
4:140909717:C:G	0.883	5	15	7	7	7	5	5	15	7	5	5	7	15	7	7	7	14	5	7	15	7	15	14	5	7	7	14	7	5	5	15	15	15	5	14	15	5	15	15	15	15	15	15	15	15	15	15	15	15	5	5	5	15	5	5	5	15	15	15	15	5	15	5	5	15	5	5	5	5	5	5	5	5	15	7	15	5	5	5	15	15	7	15	5	15	5	15	15	15	15	15	15	5	5	5	5	5	5	5	15	15	5	5	5	15	5	5	15	15	7	15	5	5	15	14	15	14	5	7	5	5	14	15	5	5	15	5	14
4:140909793:A:C	2.891	7	15	7	7	7	5	5	15	7	5	5	7	15	7	7	7	14	5	7	15	7	15	14	5	7	7	14	7	5	5	15	15	15	5	14	15	5	15	15	15	15	15	15	15	15	15	15	15	15	5	5	5	15	5	5	5	15	15	15	15	5	15	5	5	15	5	5	5	5	5	5	5	5	15	7	15	5	5	5	15	15	7	15	5	15	5	15	15	15	15	15	15	5	5	5	5	5	5	5	15	15	5	5	5	15	5	5	15	15	7	15	5	5	15	14	15	14	5	7	5	5	14	15	5	5	15	5	14
4:140910848:C:T	6.388	4	7	15	7	15	7	7	7	7	7	7	7	7	7	15	7	15	7	15	7	15	15	15	7	7	7	7	7	7	15	15	15	15	5	14	15	5	15	15	15	15	15	15	15	15	15	15	15	15	7	7	7	7	7	15	7	7	15	7	15	15	15	7	7	15	7	7	7	15	15	15	15	7	15	15	15	15	15	7	15	15	7	15	5	15	5	15	15	15	15	15	15	15	7	15	7	5	7	15	15	15	7	15	15	15	7	7	15	15	7	15	15	7	15	14	15	14	7	7	7	7	14	7	7	7	7	7	7
4:140910964:A:G	0.982	4	7	15	7	15	7	7	7	7	7	7	7	7	7	15	7	15	7	15	7	15	15	15	7	7	7	7	7	7	15	15	15	15	5	14	15	5	15	15	15	15	15	15	15	15	15	15	15	15	7	7	7	7	7	15	7	7	15	7	15	15	15	7	7	15	7	7	7	15	15	15	15	7	15	15	15	15	15	7	15	15	7	15	5	15	5	15	15	15	15	15	15	15	7	15	7	5	7	15	15	15	7	15	15	15	7	7	15	15	7	15	15	7	15	14	15	14	7	7	7	7	14	7	7	7	7	7	7
4:140911000:A:C	3.520	5	7	15	7	15	7	7	7	7	7	7	7	7	7	15	7	15	7	15	7	15	15	15	7	7	7	7	7	7	15	15	15	15	5	14	15	5	15	15	15	15	15	15	15	15	15	15	15	15	7	7	7	7	7	15	7	7	15	7	15	15	15	7	7	15	7	7	7	15	15	15	15	7	15	15	15	15	15	7	15	15	7	15	5	15	5	15	15	15	15	15	15	15	7	15	7	5	7	15	15	15	7	15	15	15	7	7	15	15	7	15	15	7	15	14	15	14	7	7	7	7	14	7	7	7	7	7	7
4:140911732:A:G	1.176	6	15	15	15	15	15	5	15	15	15	15	15	5	15	15	15	15	15	15	15	15	15	15	15	15	15	15	15	15	15	15	15	15	5	14	15	5	15	15	15	15	15	15	15	15	15	15	15	15	15	15	15	15	15	15	15	15	15	15	15	15	15	15	5	15	15	15	15	15	15	15	15	15	15	15	15	15	15	15	15	15	5	15	5	15	5	15	15	15	15	15	15	15	15	15	15	5	15	15	15	15	15	15	15	15	15	15	15	15	15	15	15	5	15	14	15	14	15	15	14	15	14	15	15	15	15	15	15
4:140912216:A:G	2.254	6	15	15	15	15	15	5	15	15	15	15	15	5	15	15	15	15	15	15	15	15	15	15	15	15	15	15	15	15	15	15	15	15	5	14	15	5	15	15	15	15	15	15	15	15	15	15	15	15	15	15	15	15	15	15	15	15	15	15	15	15	15	15	5	15	15	15	15	15	15	15	15	15	15	15	15	15	15	15	15	15	5	15	5	15	5	15	15	15	15	15	15	15	15	15	15	5	15	15	15	15	15	15	15	15	15	15	15	15	15	15	15	5	15	14	15	14	15	15	14	15	14	15	15	15	15	15	15
4:140912281:C:T	4.372	7	15	15	15	15	15	5	15	15	15	15	15	5	15	15	15	15	15	15	15	15	15	15	15	15	15	15	15	15	15	15	15	15	5	14	15	5	15	15	15	15	15	15	15	15	15	15	15	15	15	15	15	15	15	15	15	15	15	15	15	15	15	15	5	15	15	15	15	15	15	15	15	15	15	15	15	15	15	15	15	15	5	15	5	15	5	15	15	15	15	15	15	15	15	15	15	5	15	15	15	15	15	15	15	15	15	15	15	15	15	15	15	5	15	14	15	14	15	15	14	15	14	15	15	15	15	15	15
4:140912403:A:G	0.972	7	15	15	15	15	15	5	15	15	15	15	15	5	9	15	15	15	15	15	15	15	15	15	15	15	15	15	15	15	15	15	15	15	5	14	15	5	15	15	15	15	15	15	15	15	15	15	15	15	15	15	15	15	15	15	15	15	15	15	15	15	15	15	15	15	15	15	15	15	15	15	15	15	15	15	15	15	15	15	15	15	5	15	5	15	5	15	15	15	15	15	15	15	15	15	15	5	15	15	15	15	15	15	15	15	15	15	15	15	15	15	15	5	15	14	15	14	15	15	14	15	14	15	15	15	15	15	15
4:140912991:C:T	2.578	7	15	15	15	15	15	5	15	15	15	15	15	5	9	15	15	15	15	15	15	15	15	15	15	15	15	15	15	15	15	15	15	15	5	14	15	5	15	15	15	15	15	15	15	15	15	15	15	15	15	15	15	15	15	15	15	15	15	15	15	15	15	15	7	15	15	15	15	15	15	15	15	15	15	15	15	15	15	15	15	15	5	15	8	15	5	15	15	15	15	15	15	15	15	15	15	5	15	15	15	15	15	15	15	15	15	15	15	15	15	15	15	5	15	14	15	14	15	15	14	15	14	15	15	15	15	15	15
4:140913322:A:G	4.501	4	15	15	15	15	15	5	15	15	15	15	15	5	9	15	15	15	15	15	15	15	15	15	15	15	15	15	15	15	15	15	15	15	5	14	9	5	15	15	15	15	15	15	15	15	15	15	15	15	15	15	15	15	15	15	15	15	15	15	15	15	15	15	15	15	15	15	15	15	15	15	15	15	15	15	15	15	15	15	15	15	5	15	9	15	5	15	15	15	15	15	15	15	15	15	15	5	15	15	15	15	15	15	15	15	15	15	15	15	15	15	15	5	15	14	15	14	15	15	14	15	14	15	15	15	15	15	15
4:140915545:A:G	5.363	6	15	15	15	15	15	5	15	15	15	15	15	15	15	15	9	15	15	15	15	15	15	15	15	15	15	15	15	15	15	15	15	15	5	14	9	15	15	15	15	15	15	15	15	14	15	15	15	15	15	9	9	15	15	15	15	15	15	15	15	15	15	15	15	15	15	15	15	15	15	15	15	15	15	15	15	15	15	15	15	15	5	15	15	15	5	15	15	15	15	15	15	15	15	15	15	5	15	15	15	15	15	15	15	15	15	15	15	15	15	15	15	15	15	14	15	14	15	15	14	15	15	15	15	15	15	15	15
4:140915832:G:T	1.787	6	15	15	15	15	15	5	15	15	15	15	15	15	15	15	9	15	15	15	15	15	15	15	15	15	15	15	15	15	15	15	15	15	5	14	9	15	15	15	15	15	15	15	15	14	15	15	15	15	15	9	9	15	15	9	15	15	15	15	15	15	15	15	15	15	15	15	15	15	15	15	15	15	15	15	15	15	15	15	15	15	5	15	15	15	5	15	15	15	15	15	15	15	15	15	15	5	15	15	15	15	15	15	15	15	15	15	15	15	15	15	15	15	15	14	15	14	15	15	14	15	15	15	15	15	15	15	15
4:140916758:C:T	12.400	5	15	15	15	15	15	5	15	15	15	15	9	15	15	15	15	15	15	15	15	15	15	15	15	15	15	15	15	15	15	15	15	15	5	14	9	15	15	15	15	15	15	15	15	14	15	15	15	15	9	9	9	15	15	9	15	15	15	15	15	9	15	15	15	15	15	15	15	15	15	15	15	15	15	15	15	15	15	9	15	9	5	9	15	15	9	15	15	15	15	15	15	15	15	15	15	5	15	15	15	15	15	15	15	15	15	15	15	15	15	15	15	15	15	14	15	14	15	15	14	15	15	15	15	15	15	15	15
4:140917009:C:T	2.524	7	15	15	15	15	15	5	15	15	15	15	9	15	15	15	15	15	15	15	15	15	15	15	15	15	15	14	15	15	15	15	15	15	15	14	15	15	15	15	15	15	15	15	15	14	15	15	15	15	9	9	9	15	15	15	15	15	15	15	15	9	15	15	15	15	15	15	15	15	15	15	15	15	15	15	15	15	15	9	15	9	5	9	15	15	9	15	15	15	15	15	15	15	15	15	15	5	15	15	15	15	15	15	15	15	15	15	15	15	15	15	15	15	15	14	15	14	15	15	14	15	15	15	15	15	15	15	15
4:140919035:A:T	3.180	6	15	15	15	15	15	5	15	15	9	15	15	15	15	15	15	15	15	15	15	15	15	15	15	14	15	14	15	15	15	15	15	15	15	14	15	15	15	15	15	14	15	15	15	14	15	15	15	15	14	15	9	15	15	15	15	15	15	15	15	15	15	15	15	15	15	15	15	15	15	15	15	15	15	15	15	15	15	15	15	15	5	15	15	15	15	15	15	15	15	15	15	15	15	15	15	5	15	15	15	15	15	15	15	15	15	15	15	15	15	15	15	15	15	14	15	14	14	14	14	15	15	15	15	15	15	15	15
4:140919083:A:G	2.448	6	15	15	15	15	15	5	15	15	9	15	15	15	15	15	15	15	15	15	15	15	15	15	15	14	15	14	15	15	15	15	15	15	15	14	15	15	15	15	15	14	15	15	15	14	15	15	15	15	14	15	9	15	15	15	15	15	15	15	15	15	15	15	15	15	15	15	15	15	15	15	15	15	15	15	15	15	15	15	15	15	5	15	15	15	15	15	15	15	15	15	15	15	15	15	15	5	15	15	15	15	15	15	15	15	15	15	15	15	15	15	15	15	15	14	15	14	14	14	14	15	15	15	15	15	15	15	15
4:140919381:C:T	8.938	7	15	15	15	15	15	5	15	15	9	15	15	15	15	15	15	15	15	15	15	15	15	15	15	14	15	14	15	15	15	15	15	15	15	14	15	15	15	15	15	14	15	15	15	14	15	15	15	15	13	15	9	15	15	15	15	15	15	15	15	15	15	15	15	15	15	15	15	15	15	15	15	15	15	15	15	15	15	15	15	15	5	15	15	15	15	15	15	15	15	15	15	15	15	15	15	5	15	15	15	15	15	15	15	15	15	15	15	15	15	15	15	15	15	14	15	14	14	14	14	15	15	15	15	15	15	15	15
4:140919515:T:TTC	1.180	NA	15	15	15	15	15	5	15	15	9	15	15	15	15	15	15	15	15	15	15	15	15	15	15	14	15	14	15	15	15	15	15	15	15	14	9	15	15	15	15	14	15	15	15	14	15	15	15	15	13	15	9	15	15	15	15	15	15	15	15	15	15	15	15	15	15	15	15	15	15	15	15	15	15	15	15	15	15	15	15	15	5	15	15	15	15	15	15	15	15	15	15	15	15	15	15	5	15	15	15	15	15	15	15	15	15	15	15	15	15	15	15	15	15	14	15	14	14	14	14	15	15	15	15	15	15	15	15
4:140919767:A:G	9.866	7	15	15	15	15	15	5	15	15	9	15	15	15	15	15	15	15	15	15	15	15	15	15	15	14	15	14	15	15	15	15	15	15	15	14	9	15	15	15	15	14	15	15	15	14	15	15	15	15	13	15	9	15	15	15	15	15	15	15	15	15	15	15	15	15	15	15	15	15	15	15	15	15	15	15	15	15	15	15	15	15	5	15	15	15	15	15	15	15	15	15	15	15	15	15	15	5	15	15	15	15	15	15	15	15	15	15	15	15	15	15	15	15	15	13	15	14	14	14	14	15	15	15	15	15	15	15	15
4:140920657:G:T	11.690	6	15	15	15	15	5	5	15	15	15	15	15	15	15	15	15	15	15	15	15	14	15	15	15	14	15	14	15	15	15	15	15	15	15	14	15	15	15	15	15	13	15	15	14	14	15	15	15	15	14	15	15	15	15	15	15	15	15	15	15	15	15	15	15	15	15	15	15	15	15	15	15	15	15	15	15	15	5	15	15	15	5	15	15	15	15	15	15	15	15	15	15	15	5	15	15	5	15	15	15	15	15	15	15	15	15	15	15	15	15	15	15	15	15	13	15	14	14	14	14	15	15	15	15	15	15	15	15
4:140920804:G:T	4.301	7	15	15	15	15	5	5	15	15	15	15	15	15	15	15	15	15	15	15	15	14	15	15	15	14	15	14	15	15	15	15	15	15	15	14	15	15	15	15	15	13	15	15	14	14	15	15	15	15	14	15	15	15	15	15	15	15	15	15	15	15	15	15	15	15	15	15	15	15	15	15	15	15	15	15	15	15	5	15	15	15	5	15	15	15	15	15	15	15	15	15	15	15	5	15	15	5	15	15	15	15	15	15	15	15	15	15	15	15	15	15	15	15	15	14	15	14	14	14	14	15	15	15	15	15	15	15	15
4:140921004:A:T	9.270	7	15	15	15	15	5	5	15	15	15	15	15	15	15	15	15	15	15	15	15	14	15	15	15	14	15	14	15	15	15	15	15	15	15	14	15	15	15	15	15	13	15	15	14	14	15	15	15	15	14	15	15	15	15	15	15	15	15	15	15	15	15	15	15	15	15	15	15	15	15	15	15	15	15	15	15	15	5	15	15	15	5	15	15	15	15	15	15	15	15	15	15	15	5	15	15	5	15	15	15	15	15	15	15	15	15	15	15	15	15	15	15	15	15	14	15	14	14	14	14	15	15	15	15	15	15	15	15
4:140921151:C:T	7.315	7	15	15	15	15	5	5	15	15	15	15	15	15	15	15	15	15	15	15	15	14	15	15	15	14	15	14	15	15	15	15	15	15	15	14	15	15	15	15	15	13	15	15	14	14	15	15	15	15	14	15	15	15	15	15	15	15	15	15	15	15	15	15	15	15	15	15	15	15	15	15	15	15	15	15	15	15	5	15	15	15	5	15	15	15	15	15	15	15	15	15	15	15	5	15	15	5	15	15	15	15	15	15	15	15	15	15	15	15	15	15	15	15	15	14	15	14	14	14	14	15	15	15	15	15	15	15	15
4:140922075:G:GGAAGGCTGAGGCAGGA	0.666	NA	15	15	15	15	15	5	15	15	15	15	15	15	15	15	15	15	15	14	15	14	15	15	15	14	15	14	15	15	15	15	15	15	15	14	15	15	15	15	15	14	15	15	14	14	15	15	15	15	14	15	15	15	15	15	15	15	15	15	15	15	15	15	15	15	15	15	15	15	15	15	15	15	15	15	15	15	5	15	15	15	5	15	15	15	5	15	15	15	15	15	15	15	5	15	15	5	15	15	15	15	15	15	15	15	15	15	15	15	15	15	15	15	15	14	15	14	14	14	14	15	15	15	15	15	15	15	15
4:140923030:C:T	3.808	7	15	15	14	15	15	5	15	15	15	15	5	15	15	14	15	14	15	14	14	14	15	15	15	14	15	13	15	15	15	15	15	15	15	14	15	15	15	15	15	14	15	15	14	14	15	15	15	15	14	15	15	15	15	15	15	15	15	15	15	15	15	15	15	15	15	15	15	15	15	15	15	15	15	15	15	15	15	15	15	15	5	15	15	15	5	15	15	15	15	15	15	15	5	15	15	5	15	15	15	15	15	15	15	15	15	15	15	15	15	15	15	15	15	14	15	14	14	14	14	15	14	15	15	15	15	15	14
4:140923199:T:TATC	1.086	NA	15	15	14	15	15	5	15	15	15	15	5	15	15	14	15	14	15	14	14	14	15	15	15	14	15	13	15	15	15	15	15	15	15	14	15	15	15	15	15	14	15	15	14	14	15	15	15	15	14	15	15	15	15	15	15	15	15	15	15	15	15	15	15	15	15	15	15	15	15	15	15	15	15	15	15	15	15	15	15	15	5	15	15	15	5	15	15	15	15	15	15	15	5	15	15	5	15	15	15	15	15	15	15	15	15	15	15	15	15	15	15	15	15	14	15	14	14	14	14	15	14	15	15	15	15	15	14
4:140925403:C:G	6.150	5	2	15	1	7	5	5	5	7	7	2	7	7	7	2	2	11	1	2	11	11	7	7	2	7	1	13	1	15	15	15	15	15	15	14	15	15	15	15	15	14	15	15	14	14	15	15	15	15	1	15	1	1	2	2	2	7	2	2	15	7	15	2	1	5	1	2	1	2	1	1	1	1	1	2	15	1	15	7	7	2	7	15	15	2	1	2	15	2	15	15	15	15	7	15	1	5	15	2	7	15	1	1	7	15	2	2	15	15	2	15	15	15	15	14	15	14	13	14	14	2	14	15	1	1	2	1	10
4:140925529:A:T	6.366	5	2	15	1	7	5	5	5	7	7	2	7	7	7	2	2	11	1	2	11	11	7	7	2	7	1	13	1	15	15	15	15	15	15	14	15	15	15	15	15	14	15	15	14	14	15	15	15	15	1	15	1	1	2	2	2	7	2	2	15	7	15	2	1	5	1	2	1	2	1	1	1	1	1	2	15	1	15	7	7	2	7	15	15	2	1	2	15	2	15	15	15	15	7	15	1	5	15	2	7	15	1	1	7	15	2	2	15	15	2	15	15	15	15	14	15	14	13	14	14	2	14	15	1	1	2	1	10
4:140925785:A:C	14.280	2b	1	15	1	1	5	1	5	1	2	2	7	1	7	1	1	1	1	1	10	10	2	2	1	7	1	10	1	15	15	15	15	15	15	14	15	15	15	15	15	14	15	15	14	14	15	15	15	15	1	15	1	1	2	1	1	1	1	1	15	7	15	1	1	5	1	1	1	1	1	1	1	1	1	1	15	1	15	1	7	1	7	15	15	1	1	1	1	1	15	1	15	15	1	15	1	1	15	1	1	15	1	1	1	15	1	1	15	15	1	15	15	15	15	14	15	14	13	14	14	2	14	15	1	1	1	1	10
4:140925870:A:G	5.693	4	1	15	2	1	7	1	5	1	2	2	7	1	7	1	2	1	2	1	10	10	2	2	1	7	1	10	1	15	15	15	15	15	15	14	15	15	15	15	15	14	15	15	14	14	15	15	15	15	2	7	1	1	2	1	2	1	2	2	7	7	15	1	1	1	1	1	1	1	1	1	1	1	1	1	15	1	15	1	2	1	7	15	7	1	1	1	1	1	15	1	15	15	1	15	2	1	15	2	2	15	1	1	1	15	1	1	15	15	1	15	15	15	15	14	15	14	12	14	1	2	14	15	1	1	1	1	10
4:140926290:C:T	9.993	5	5	7	7	7	5	7	5	2	7	2	2	7	7	2	2	2	7	7	12	2	15	15	7	7	2	13	2	15	15	15	15	15	15	14	15	15	15	15	15	14	15	15	14	14	15	15	15	15	12	15	15	7	7	2	7	5	15	7	15	7	15	2	7	2	15	2	2	2	7	2	2	1	15	15	15	2	15	7	2	2	7	15	7	2	1	2	15	7	15	7	7	15	5	15	7	7	15	2	15	15	15	7	15	15	2	2	15	15	2	15	15	15	15	14	15	14	13	12	2	2	14	15	7	2	14	7	13
4:140926977:A:G	12.410	5	7	15	7	7	5	5	5	5	7	7	7	7	7	7	7	7	15	7	7	7	15	15	15	7	15	13	15	15	15	15	15	15	15	14	15	15	15	15	15	14	15	15	14	14	15	15	15	15	13	15	15	15	7	7	7	5	15	15	15	5	15	7	15	7	15	14	15	7	15	15	15	15	15	15	15	15	15	15	7	7	7	15	7	7	7	7	15	7	15	15	15	15	5	15	15	5	15	15	15	15	15	5	15	15	7	15	15	15	15	15	15	7	15	14	15	14	13	14	14	7	14	15	15	15	15	15	13
4:140927013:A:G	1.270	5	7	15	7	7	5	5	7	5	7	7	7	7	7	7	7	7	15	7	7	7	15	15	15	7	15	13	15	15	15	15	15	15	15	14	15	15	15	15	15	14	15	15	14	14	15	15	15	15	13	15	15	15	5	7	7	5	15	15	15	5	15	5	15	5	15	14	15	7	15	15	15	15	15	15	15	15	15	15	7	7	7	15	5	15	5	7	15	7	15	15	15	15	5	15	15	5	15	15	15	15	15	5	15	15	7	15	15	15	15	15	15	7	15	14	15	14	13	14	14	7	14	15	15	15	15	15	13
4:140927388:A:G	0.024	5	7	15	7	7	5	5	7	7	7	7	7	7	7	7	7	7	15	7	7	7	15	15	15	15	15	13	15	15	15	15	15	15	15	14	15	15	15	15	15	14	15	15	14	14	15	15	15	15	14	15	15	15	5	15	15	5	15	15	15	5	15	5	15	5	15	14	15	7	15	15	15	15	15	15	15	15	15	15	7	7	5	15	5	15	5	15	15	7	15	15	15	15	5	15	15	5	15	15	15	15	15	5	15	15	15	15	15	15	15	15	15	7	15	14	15	14	13	14	14	5	14	15	15	15	15	15	14
4:140927812:C:G	7.418	7	15	15	15	5	5	5	5	15	5	5	5	15	15	15	15	15	15	15	5	5	15	15	15	15	15	14	15	15	15	15	15	15	15	14	15	15	15	15	15	14	15	15	14	14	15	15	15	15	14	15	15	15	5	15	15	5	15	15	15	5	15	5	15	5	15	14	15	5	15	15	15	15	15	15	15	15	15	15	15	15	5	15	5	15	5	15	15	15	15	15	15	15	5	15	15	5	15	15	15	15	15	15	15	15	15	15	15	15	15	15	15	5	15	14	15	14	14	14	14	5	14	15	15	15	15	15	14
4:140928557:A:C	12.070	5	15	15	15	5	5	5	5	15	5	5	5	15	15	15	15	15	15	15	5	5	15	15	15	15	15	14	15	15	15	15	15	15	15	14	15	15	15	15	15	14	15	15	14	14	15	15	15	15	14	15	15	15	5	15	15	5	15	15	15	5	15	5	15	5	15	14	14	5	15	15	15	15	15	15	15	15	15	15	15	15	5	15	5	15	5	15	15	15	15	15	15	15	5	15	15	5	15	15	15	15	15	15	15	15	15	15	15	15	15	15	15	5	15	14	15	14	14	14	14	7	14	15	15	15	15	15	14
4:140929111:C:T	13.580	NA	15	15	15	5	5	5	5	15	5	5	5	15	15	15	15	15	15	15	5	5	15	15	15	15	15	14	15	15	15	15	15	15	15	14	15	15	15	15	15	14	15	15	14	14	15	15	15	15	14	15	15	15	5	15	15	5	15	15	15	5	15	5	15	5	15	14	14	15	15	15	15	15	15	15	15	15	15	15	15	15	5	15	5	15	5	15	15	15	15	15	15	15	7	15	15	5	15	15	15	15	15	15	15	15	15	15	15	15	15	15	15	5	15	14	15	14	14	14	14	5	14	15	15	15	15	15	14
4:140929746:C:CTTTTTTTTT	2.615	NA	15	15	15	5	5	5	5	15	5	5	5	15	15	15	15	15	15	15	5	5	15	15	15	15	15	14	15	15	15	15	15	15	15	14	15	15	14	15	15	14	15	15	14	14	15	15	15	15	14	15	15	15	5	15	15	5	15	15	15	5	15	5	15	5	15	14	14	15	15	15	15	15	15	15	15	15	15	15	15	15	5	15	5	15	5	15	15	15	15	15	15	15	15	15	15	5	15	15	15	15	15	15	15	15	15	15	15	15	15	15	15	7	15	14	15	14	14	14	14	5	14	15	15	15	15	15	14
4:140930511:A:G	0.139	NA	15	15	15	5	5	5	7	15	7	7	7	15	15	15	15	15	15	15	5	5	15	15	15	15	15	14	15	15	15	15	15	15	15	14	15	15	15	15	15	14	15	15	14	14	15	15	15	15	14	15	15	15	7	15	15	5	15	15	15	5	15	5	15	5	15	14	14	15	15	15	15	15	15	15	15	15	15	15	15	15	15	15	5	15	5	15	15	15	15	15	15	15	15	15	15	5	15	15	15	15	15	15	15	15	15	15	15	15	15	15	15	7	15	14	15	14	14	14	14	5	15	15	15	15	15	15	14
4:140931632:A:T	0.320	7	15	15	15	5	5	5	15	15	5	5	5	15	15	15	15	15	15	15	5	5	15	15	15	15	15	14	15	15	15	15	15	15	15	14	15	15	15	15	15	14	15	15	15	14	15	15	15	15	14	15	15	15	15	15	15	5	15	15	15	5	15	5	15	5	15	14	14	15	15	15	15	15	15	15	15	15	15	15	15	15	15	15	5	15	5	15	15	15	15	15	15	15	15	15	15	5	15	15	15	15	15	15	15	15	15	15	15	15	15	15	15	5	15	14	15	14	14	14	14	5	15	15	15	15	15	15	14
4:140932086:A:G	0.056	7	15	15	15	5	5	5	15	15	5	5	5	15	15	15	15	15	15	15	5	5	15	15	15	15	15	14	15	15	15	15	15	15	15	14	15	15	15	15	15	14	15	15	15	14	15	15	15	15	14	15	15	15	15	15	15	5	15	15	15	5	15	5	15	5	15	14	14	15	15	15	15	15	15	15	15	15	15	15	15	15	15	15	5	15	5	15	15	15	15	15	15	15	15	15	15	5	15	15	15	15	15	15	15	15	15	15	15	15	15	15	15	5	15	14	15	14	14	14	14	5	15	15	15	15	15	15	14
4:140933304:C:G	1.066	6	15	15	15	5	5	5	15	15	5	5	5	15	15	15	15	15	15	15	5	5	15	15	15	15	15	14	15	15	15	15	15	15	15	14	15	15	15	15	15	14	15	15	15	14	15	14	15	15	14	15	15	15	15	15	15	5	15	15	15	5	15	5	15	7	15	14	14	15	15	15	15	15	15	15	15	15	15	15	15	15	15	15	5	15	5	15	15	15	15	15	15	15	15	15	15	5	15	15	15	15	15	15	15	15	15	15	15	15	15	15	15	7	15	14	15	14	14	14	14	7	15	15	15	15	15	15	14
4:140933476:C:T	5.250	6	15	15	15	7	5	5	15	15	7	7	5	15	7	15	15	15	7	15	5	5	15	15	7	15	7	7	15	15	15	7	15	15	15	14	7	7	15	15	15	14	15	15	15	14	15	14	15	15	7	15	7	7	15	15	7	5	15	15	15	5	15	5	15	7	7	14	14	15	15	15	15	15	15	7	15	15	15	15	15	15	15	15	7	15	7	15	15	15	15	15	15	15	15	15	7	7	15	15	15	7	15	15	15	15	15	15	15	15	15	15	15	7	15	13	7	14	14	14	14	7	15	15	7	7	15	7	7
4:140933504:A:G	4.428	6	15	15	15	7	5	5	15	15	7	7	5	15	7	15	15	15	7	15	5	5	15	15	7	15	7	7	15	15	15	7	15	15	15	14	7	7	15	15	15	14	15	15	15	14	15	14	15	15	7	15	7	7	15	15	7	5	15	15	15	5	15	5	15	7	7	14	14	15	15	15	15	15	15	7	15	15	15	15	15	15	15	15	7	15	7	15	15	15	15	15	15	15	15	15	7	7	15	15	15	7	15	15	15	15	15	15	15	15	15	15	15	7	15	13	7	14	14	14	14	7	15	15	7	7	15	7	7
4:140933926:A:C	8.679	2b	7	7	15	7	5	5	15	15	7	7	7	15	7	15	7	7	2	15	7	15	15	15	2	15	7	7	15	7	7	7	15	7	15	14	7	7	15	15	15	14	7	15	7	14	15	14	15	15	7	7	7	7	15	15	7	5	15	15	15	7	15	2	15	7	7	7	7	15	7	15	15	7	15	7	15	7	15	7	15	15	15	7	7	15	7	7	15	15	15	15	7	7	15	15	7	7	15	15	7	7	15	15	15	15	15	7	7	7	7	7	7	7	15	13	7	7	14	15	14	7	15	7	7	7	15	7	7
4:140934146:A:G	1.920	2b	7	7	7	7	5	5	15	15	7	7	7	15	15	7	7	7	2	15	7	15	15	15	2	15	7	2	15	7	7	7	15	7	7	14	7	7	15	15	15	14	7	15	7	14	15	14	15	15	7	7	2	7	15	15	7	5	15	15	15	15	15	2	15	7	7	1	7	15	7	15	15	7	15	15	15	7	15	7	15	15	15	7	7	7	7	7	15	15	15	15	7	7	15	15	7	5	15	15	7	1	15	15	15	15	15	7	5	7	7	7	15	7	15	14	7	7	14	15	7	2	15	7	7	7	15	7	7
4:140935093:C:T	0.309	5	5	15	15	15	5	15	15	15	15	15	5	15	15	15	15	15	7	15	15	15	15	15	15	15	5	14	15	15	15	15	15	14	15	14	15	5	15	15	15	14	15	15	15	14	15	14	15	15	14	15	7	5	15	15	7	7	15	15	15	15	15	15	15	5	5	5	15	15	15	15	15	15	15	15	15	15	15	15	7	15	15	15	5	15	15	15	15	15	15	15	15	15	15	15	5	5	15	15	15	5	15	15	15	15	15	15	15	5	15	15	15	2	15	14	15	15	14	15	15	7	15	15	15	15	15	15	15
4:140935264:C:G	2.720	5	5	15	15	15	5	15	15	15	15	15	5	15	15	15	15	15	5	15	15	15	15	15	15	15	5	14	15	15	15	15	15	14	15	14	15	5	15	15	15	14	15	15	15	14	15	14	15	15	14	15	15	5	15	15	5	15	15	9	15	15	15	15	15	5	5	5	15	15	15	15	15	15	15	15	15	15	15	15	7	15	15	15	5	15	15	15	15	15	15	15	15	15	15	15	5	5	15	15	15	5	15	15	15	15	15	15	15	5	15	15	15	7	15	14	15	15	14	15	15	5	15	15	15	15	15	15	15
4:140935696:A:G	2.574	4	5	15	15	15	5	15	15	15	15	15	5	15	9	15	15	15	5	15	15	15	15	15	15	15	5	14	15	15	15	15	15	14	15	14	15	5	15	15	15	14	15	15	15	14	15	14	15	15	14	15	15	5	15	15	5	15	15	9	15	15	15	15	15	5	5	5	15	15	15	15	15	15	15	15	9	15	15	15	15	15	15	15	5	15	9	15	15	15	15	15	15	15	15	15	5	5	15	15	15	5	15	15	15	15	15	15	15	5	15	15	15	2	15	14	15	9	14	15	15	5	15	15	15	15	15	15	15
4:140935809:A:G	7.316	4	5	15	15	15	5	15	15	15	15	15	5	15	9	15	15	15	5	15	15	15	15	15	15	15	5	14	15	15	15	15	15	14	15	14	15	5	15	15	15	14	15	15	15	14	15	14	15	15	14	15	15	5	15	15	5	15	15	9	15	15	15	15	15	5	5	5	15	15	15	15	15	15	15	15	15	15	15	15	15	15	15	15	5	15	9	15	15	15	15	15	15	15	15	15	5	5	15	15	15	5	15	15	15	15	15	15	15	5	15	15	15	2	15	14	15	9	14	15	15	5	15	15	15	15	15	15	15
4:140936716:C:T	3.337	7	5	15	15	9	5	15	15	15	15	15	8	15	9	15	9	9	8	15	15	9	15	15	15	15	5	14	15	15	9	15	9	14	15	14	15	5	15	15	15	14	15	15	15	14	15	14	15	15	14	9	9	5	15	9	5	15	15	15	15	15	15	15	15	5	5	5	15	15	15	15	15	15	15	15	15	15	15	15	15	15	15	9	8	15	9	15	15	9	9	15	9	15	15	15	5	5	15	15	15	5	15	15	15	15	15	15	15	5	15	15	15	5	15	14	15	9	14	15	15	5	15	15	15	15	15	15	15
4:140937114:C:T	0.910	6	5	15	15	9	8	15	15	15	9	15	8	9	9	15	9	9	5	15	15	8	15	15	15	15	5	14	15	14	9	15	9	14	15	14	15	5	15	15	15	14	15	15	15	14	15	14	15	15	14	9	9	5	15	9	5	15	15	15	15	15	15	15	15	5	5	5	15	15	15	15	15	15	15	15	15	15	15	15	15	15	15	9	5	15	9	15	15	9	9	15	9	15	15	15	5	5	15	15	15	5	15	15	15	15	15	15	15	5	15	15	15	8	15	14	15	9	14	15	15	5	15	15	15	15	15	15	15
4:140937628:A:G	0.652	7	5	15	15	15	5	15	15	15	9	15	8	15	9	15	9	9	5	15	15	5	15	15	15	15	5	14	15	14	15	15	15	14	15	14	15	5	15	15	15	14	15	15	15	14	15	14	15	15	14	9	15	5	15	15	5	15	15	15	15	15	15	15	15	5	5	5	15	15	15	15	15	15	15	15	15	15	15	15	15	15	15	15	5	15	7	15	15	15	15	15	15	15	15	15	5	5	15	15	15	5	15	15	15	15	15	15	15	5	15	15	15	8	15	14	15	9	14	15	15	5	15	15	15	15	15	15	15
4:140937836:C:G	0.409	7	5	15	15	15	5	15	15	15	9	15	8	9	15	15	9	9	5	15	15	5	15	15	15	15	5	14	15	14	15	15	15	14	15	14	15	5	15	15	15	14	15	15	15	14	15	14	15	15	14	9	15	5	15	15	5	15	15	15	15	15	15	15	15	5	5	5	15	15	15	15	15	15	15	15	15	15	15	15	15	15	15	15	5	15	7	15	15	15	15	15	15	15	15	15	5	5	15	15	15	5	15	15	15	15	15	15	15	5	15	15	15	7	15	14	15	15	14	15	15	5	15	15	15	15	15	15	15
4:140938116:C:T	1.964	NA	5	15	15	15	5	15	15	15	9	15	8	9	15	15	15	15	5	15	15	5	15	15	15	15	5	14	15	14	15	15	15	14	15	14	15	5	15	15	15	14	15	15	15	14	15	14	15	15	14	9	15	5	15	15	5	15	15	15	15	15	15	15	15	5	5	5	15	15	15	15	15	15	15	15	15	15	15	15	15	15	15	15	5	15	7	15	15	15	15	15	15	15	15	15	5	5	15	15	15	5	15	15	15	15	15	15	15	5	15	15	15	7	15	14	15	15	14	15	15	5	15	15	15	15	15	15	15
4:140938372:A:G	8.873	5	5	15	15	15	5	15	15	15	9	15	8	15	15	15	15	15	5	15	15	5	15	15	15	15	5	14	15	14	15	15	15	14	15	14	15	5	15	15	15	14	15	15	15	14	15	14	15	15	14	15	15	5	15	15	5	15	15	15	15	15	15	15	15	5	5	5	15	15	15	15	15	15	15	15	15	15	15	15	15	15	15	15	5	15	7	15	15	15	15	15	15	15	15	15	5	5	15	15	15	5	15	15	15	15	15	15	15	5	15	15	15	7	15	14	15	15	14	15	15	5	15	15	15	15	15	15	15
4:140938452:C:T	1.035	5	5	15	15	15	5	15	15	15	15	15	5	15	15	15	15	15	5	15	15	5	15	15	15	15	5	14	15	14	15	15	15	14	15	14	15	5	15	15	15	14	15	15	15	14	15	14	15	15	14	15	15	5	15	15	5	15	15	15	15	15	15	15	15	5	5	5	15	15	15	15	15	15	15	15	15	15	15	15	15	15	15	15	5	15	5	15	15	15	15	15	15	15	15	15	5	5	15	15	15	5	15	15	15	15	15	15	15	5	15	15	15	7	15	14	15	15	14	15	15	5	15	15	15	15	15	15	15
4:140939110:A:T	4.007	7	5	15	15	15	5	15	15	15	15	15	5	15	15	15	15	15	5	15	15	5	15	15	15	15	5	14	15	14	15	15	15	14	15	14	15	5	15	15	15	14	15	15	15	14	15	14	15	15	14	15	15	5	15	15	5	15	15	15	15	15	15	15	15	5	5	5	15	15	15	15	15	15	15	15	15	15	15	15	15	15	15	7	5	15	5	15	15	15	15	15	15	15	15	15	5	5	15	15	15	5	15	15	15	15	15	15	15	5	15	15	15	7	15	14	15	15	14	15	15	5	15	15	15	15	15	15	15
4:140939449:G:GT	1.311	NA	5	15	15	15	5	15	15	15	15	15	5	15	15	15	15	15	5	15	15	5	15	15	15	15	5	14	15	14	15	15	15	14	15	14	15	5	15	15	15	14	15	15	15	14	15	14	15	15	14	15	15	5	15	15	5	15	15	15	15	15	15	15	15	5	5	5	15	15	15	15	15	15	15	15	15	15	15	15	15	15	15	7	7	15	5	15	15	15	15	15	15	15	15	15	5	5	15	15	15	5	15	15	15	15	15	15	15	5	15	15	15	2	15	14	15	15	14	15	15	5	15	15	15	15	15	15	15
4:140940097:T:TCAA	7.072	NA	5	15	15	15	5	15	15	15	15	15	5	15	15	15	15	15	5	15	15	5	15	15	15	15	5	14	15	14	15	15	15	14	15	14	15	7	15	15	15	14	15	15	15	14	15	14	15	15	14	7	7	5	15	15	5	15	15	15	15	15	15	15	15	7	5	5	15	15	15	15	15	15	15	15	15	15	15	15	15	15	15	7	7	15	7	15	15	15	15	15	15	15	15	15	5	5	15	15	15	7	15	15	15	15	15	15	15	5	15	15	15	2	15	14	15	7	14	15	15	5	15	7	15	15	15	15	15
4:140940364:A:C	0.448	3a	5	15	15	15	5	15	15	15	15	15	5	15	15	15	15	15	5	15	15	5	15	15	15	15	5	14	7	14	7	15	15	14	15	14	7	7	15	15	15	14	15	15	15	14	15	14	15	15	14	7	7	7	15	15	5	15	15	15	15	15	15	15	15	7	5	7	15	15	15	15	15	15	15	15	15	15	15	7	15	15	15	7	7	15	7	15	15	15	15	15	15	15	15	15	5	5	15	15	15	7	7	15	15	7	15	15	15	7	15	15	15	2	15	14	15	7	14	15	15	5	15	7	15	15	15	15	15
4:140940476:A:T	1.119	2b	5	15	15	7	5	15	7	15	15	15	7	15	7	15	15	15	5	15	15	5	15	15	15	15	5	14	7	14	7	15	15	14	15	14	7	7	15	15	15	14	15	15	15	14	15	14	14	15	14	7	7	7	15	15	7	15	15	15	15	15	15	15	15	7	5	5	15	15	15	15	15	15	7	7	7	7	15	7	15	15	15	7	7	15	7	7	15	15	15	15	15	15	15	15	5	5	15	15	15	2	7	15	15	7	7	15	15	7	15	15	15	2	15	14	15	7	14	15	7	5	15	7	15	7	15	15	15
4:140943169:C:G	4.455	5	7	15	15	7	15	7	5	15	5	15	5	15	15	15	5	15	15	15	15	15	15	15	15	15	15	14	5	14	5	5	15	14	15	14	5	5	15	15	15	14	15	15	15	14	15	14	14	15	14	7	7	15	15	15	15	15	15	15	15	15	15	15	15	7	15	15	15	15	15	15	15	15	5	15	5	5	5	15	15	15	15	7	7	5	7	15	15	15	15	15	15	5	15	5	5	7	15	5	5	5	15	15	15	7	15	7	5	7	15	15	15	7	15	14	15	15	14	15	15	5	15	5	15	15	14	15	14
4:140943274:A:G	2.313	5	15	15	15	7	15	15	5	15	5	15	5	15	15	15	5	15	15	15	15	15	15	15	15	15	15	14	5	14	5	5	15	14	15	14	5	5	15	15	15	14	15	15	15	14	15	14	14	15	14	5	5	15	15	15	15	15	15	15	15	15	15	15	15	15	15	15	15	15	15	15	15	15	5	15	5	5	5	15	15	15	15	7	7	5	7	15	15	15	15	15	15	5	15	5	5	7	15	5	5	5	15	15	15	5	15	5	5	7	15	15	15	2	15	14	15	15	14	15	15	5	15	5	15	15	14	15	14
4:140943275:A:T	5.028	5	15	15	15	7	15	15	5	15	5	15	5	15	15	15	5	15	15	15	15	15	15	15	15	15	15	14	5	14	5	5	15	14	15	14	5	5	15	15	15	14	15	15	15	14	15	14	14	15	14	5	5	15	15	15	15	15	15	15	15	15	15	15	15	15	15	15	15	15	15	15	15	15	5	15	5	5	5	15	15	15	15	7	7	5	7	15	15	15	15	15	15	5	15	5	5	7	15	5	5	5	15	15	15	5	15	5	5	7	15	15	15	2	15	14	15	15	14	15	15	5	15	5	15	15	14	15	14
4:140944844:A:C	18.840	6	15	15	15	5	15	15	5	15	15	15	5	15	15	15	5	15	15	15	15	15	15	15	15	15	15	14	5	14	5	5	15	14	15	14	5	5	15	15	15	14	15	15	15	14	15	14	14	15	14	5	5	15	15	15	15	15	15	15	5	15	15	15	15	15	15	15	15	15	15	15	15	15	5	15	5	5	5	15	15	15	15	5	5	5	5	15	15	15	15	15	15	5	15	5	5	5	15	5	5	5	15	15	15	5	15	15	5	5	15	15	15	7	15	14	15	15	14	15	15	5	15	5	15	15	14	15	14
4:140945269:C:CTAT	0.861	NA	15	15	15	5	15	15	5	15	15	15	5	15	15	15	5	15	15	15	15	15	15	15	15	15	15	14	5	14	5	5	15	14	15	14	5	5	15	15	15	14	15	15	15	14	15	14	14	15	14	5	5	15	15	15	15	15	15	15	5	15	15	15	15	15	15	15	15	15	15	15	15	15	5	15	5	5	5	15	15	15	15	5	5	5	5	15	15	15	15	15	15	5	15	5	5	5	15	5	5	5	15	15	15	5	15	15	5	5	15	15	15	7	15	14	15	15	14	15	14	5	15	5	15	15	14	15	14
4:140945269:CTAT:TTAT	NA	NA	15	15	15	5	15	15	5	15	15	15	5	15	15	15	5	15	15	15	15	15	15	15	15	15	15	14	5	14	5	5	15	14	15	14	5	5	15	15	15	14	15	15	15	14	15	14	14	15	14	5	5	15	15	15	15	15	15	15	5	15	15	15	15	15	15	15	15	15	15	15	15	15	5	15	5	5	5	15	15	15	15	5	5	5	5	15	15	15	15	15	15	5	15	5	5	5	15	5	5	5	15	15	15	5	15	15	5	5	15	15	15	7	15	14	15	15	14	15	14	5	15	5	15	15	14	15	14
4:140945966:C:T	1.557	NA	15	15	15	5	15	15	5	15	15	15	5	15	15	15	5	15	15	15	15	15	15	15	15	15	15	14	5	14	5	5	15	14	15	14	5	5	15	15	15	14	15	15	15	14	15	14	14	15	14	5	5	15	15	15	15	15	15	15	5	15	15	15	15	15	15	15	15	15	15	15	15	15	5	15	5	5	5	15	15	15	15	5	5	5	5	15	15	15	15	15	15	5	15	5	5	5	15	5	5	5	15	15	15	5	15	15	5	5	15	15	15	7	15	14	15	15	14	15	14	5	15	5	15	15	14	15	14
4:140946828:C:T	0.428	5	15	15	15	7	15	15	5	15	15	15	5	15	15	15	5	15	15	15	15	15	7	15	15	15	15	14	5	14	5	5	15	14	15	14	5	5	15	15	15	14	15	14	15	14	15	14	14	15	14	5	5	15	15	15	15	15	15	15	5	15	15	7	15	15	15	15	15	15	15	15	15	15	5	15	2	5	5	15	15	15	15	7	7	5	5	15	15	15	15	15	15	5	15	5	5	6	15	5	5	7	15	15	15	5	15	15	7	5	15	15	15	7	15	14	15	15	14	14	14	7	15	5	15	15	14	15	14
4:140946939:C:T	2.698	5	15	15	15	7	15	15	5	15	15	15	5	15	15	15	5	15	15	15	15	15	7	15	15	15	15	14	5	14	5	5	15	14	15	14	5	5	15	15	15	14	15	14	15	14	15	14	14	15	14	5	5	15	15	15	15	15	15	15	5	15	15	7	15	15	15	15	15	15	15	15	15	15	5	15	2	5	5	15	15	15	15	7	7	5	5	15	15	15	15	15	15	5	15	5	5	6	15	5	5	7	15	15	15	5	15	15	7	5	15	15	15	7	15	14	15	15	14	14	14	7	15	5	15	15	14	15	14
4:140948095:C:T	7.459	7	15	15	15	5	15	15	5	15	15	15	5	15	15	15	5	15	15	15	15	15	15	15	15	15	15	14	5	14	7	7	15	14	15	14	7	7	15	15	15	14	15	14	15	14	15	14	14	15	14	7	5	15	15	15	15	15	15	15	5	15	15	5	15	15	15	15	15	15	15	15	15	15	5	15	5	5	5	15	15	15	15	7	7	5	5	15	15	15	15	15	15	5	15	5	5	5	15	5	5	5	15	15	15	5	15	15	5	5	15	15	15	7	15	14	15	14	14	14	14	15	15	5	15	15	14	15	14
4:140951417:C:T	1.414	NA	15	15	14	5	15	15	15	15	15	15	5	15	5	15	15	15	5	15	15	15	15	15	15	15	15	14	5	14	15	15	15	15	5	14	5	5	15	15	15	14	15	14	15	14	15	14	14	15	14	5	5	15	15	15	15	15	15	15	5	15	15	15	15	15	15	5	15	15	15	15	15	15	5	15	7	15	15	15	15	15	15	5	7	5	5	15	15	15	15	15	15	5	15	15	5	5	15	5	15	5	15	15	15	15	15	15	14	5	15	15	15	7	15	14	15	14	14	14	14	15	15	5	15	15	14	15	14
6:148116468:G:T	0.325	7	15	15	15	15	15	15	15	15	15	15	15	15	15	15	15	15	15	15	15	15	15	15	15	15	15	15	5	15	15	15	15	15	15	15	15	15	15	15	15	15	15	15	15	15	15	15	15	15	15	15	15	15	15	15	15	15	15	15	15	15	15	15	15	15	15	15	15	15	15	15	15	15	15	15	15	15	15	15	15	15	15	15	15	15	15	15	15	15	15	15	15	15	15	15	15	15	15	15	15	15	15	15	15	15	15	15	15	15	15	15	15	15	15	15	15	15	15	15	15	15	15	15	15	15	15	15	15
6:148117158:C:T	2.572	7	15	15	15	15	15	15	15	15	15	15	15	15	15	15	15	15	15	15	15	15	15	15	15	15	15	15	5	15	15	15	15	15	15	15	15	15	15	15	15	15	15	15	15	15	15	15	15	15	15	15	15	15	15	15	15	15	15	15	15	15	15	15	15	15	15	15	15	15	15	15	15	15	15	15	15	15	15	15	15	15	15	15	15	15	15	15	15	15	15	15	15	15	15	15	15	15	15	15	15	15	15	15	15	15	15	15	15	15	15	15	15	15	15	15	15	15	15	15	15	15	15	15	15	15	15	15	15
6:148117999:C:G	0.987	7	15	15	15	15	15	15	15	15	15	15	15	15	15	15	15	15	15	15	15	15	15	15	15	15	15	15	5	15	15	15	15	15	15	15	15	15	15	15	15	15	15	15	15	15	15	15	15	15	15	15	15	15	15	15	15	15	15	15	15	15	15	15	15	15	15	15	15	15	15	15	15	15	15	15	15	15	15	15	15	15	15	15	15	15	15	15	15	15	15	15	15	15	15	15	15	15	15	15	15	15	15	15	15	15	15	15	15	15	15	15	15	15	15	15	15	15	15	15	15	15	15	15	15	15	15	15	15
6:148120844:A:G	0.900	7	15	15	15	15	15	15	15	15	15	15	15	15	15	15	15	15	15	15	15	15	15	15	15	15	15	15	5	15	15	15	15	15	15	15	15	15	15	15	15	15	15	15	15	15	15	15	15	15	15	15	15	15	15	15	15	15	15	15	15	15	15	15	15	15	15	15	15	15	15	15	15	15	15	15	15	15	15	15	15	15	15	15	15	15	15	15	15	15	15	15	15	15	15	15	15	15	15	15	15	15	15	15	15	15	15	15	15	15	15	15	15	15	15	15	15	15	15	15	15	15	15	15	15	15	15	15	15
6:148125596:A:G	1.688	NA	15	15	15	15	15	15	15	15	15	15	15	15	15	15	15	15	15	15	15	15	15	15	15	15	15	15	5	15	9	15	15	15	15	15	15	15	15	15	15	15	15	15	15	15	15	15	15	15	15	15	14	15	15	15	15	15	15	15	15	15	15	15	9	15	15	15	15	15	15	15	15	15	15	5	15	15	15	15	15	15	15	7	5	15	15	5	15	15	15	15	15	15	15	9	15	15	15	15	15	7	15	15	15	15	15	15	15	15	15	15	15	15	15	15	15	5	15	15	7	15	5	15	15	15	15	15	15
6:148126416:A:G	0.552	NA	15	15	15	15	15	15	15	15	15	14	15	15	15	15	15	15	15	15	15	15	15	15	15	15	15	15	5	15	9	15	15	15	15	15	15	15	15	15	15	15	15	15	15	15	15	15	15	15	15	15	14	15	15	15	15	15	15	15	15	15	15	15	9	15	15	15	15	15	15	15	15	15	15	15	15	15	15	15	15	15	15	7	7	15	7	5	15	15	15	15	15	15	15	9	15	15	15	15	15	15	15	15	15	15	15	15	15	15	15	15	15	15	15	15	15	7	15	15	15	7	5	15	15	15	15	15	15
6:148127584:A:G	6.409	4	9	15	15	15	9	15	15	15	15	14	9	15	9	15	9	15	15	15	9	9	15	15	9	15	9	15	8	15	9	9	15	15	15	15	15	9	15	15	15	15	15	15	9	9	15	9	15	15	9	9	9	15	15	15	9	15	9	15	15	15	9	9	9	9	15	9	15	15	9	9	15	9	15	15	9	9	9	9	15	15	15	15	8	15	15	8	9	9	9	9	15	15	9	9	15	9	15	9	9	9	9	15	15	9	15	9	9	15	9	15	9	15	7	15	15	7	15	9	15	7	5	15	15	15	15	15	15
6:148131407:C:T	1.706	6	15	15	15	15	15	15	15	15	14	14	15	15	15	15	15	15	15	15	15	15	15	15	15	15	15	15	5	15	15	15	15	15	15	14	15	15	15	15	15	15	15	15	15	15	15	15	15	15	14	14	14	15	15	15	15	15	15	15	15	15	15	15	15	15	15	14	15	15	15	15	15	15	15	15	15	15	15	15	15	15	14	15	15	15	15	15	15	15	14	15	15	15	15	15	15	15	15	15	15	15	15	15	15	15	15	15	15	15	15	15	15	15	14	15	15	15	15	15	15	15	5	15	15	15	15	15	15
6:148131783:C:T	1.049	NA	15	15	15	15	15	15	15	15	14	14	15	15	15	15	15	15	15	15	15	15	15	15	15	15	15	15	5	15	15	15	15	15	15	14	15	15	15	15	15	15	15	15	15	15	15	15	15	15	14	14	14	15	15	15	15	15	15	15	15	15	15	15	15	15	15	14	15	15	15	15	15	15	15	15	15	15	15	15	15	15	14	15	15	15	15	15	15	15	14	15	15	15	15	15	15	15	15	15	15	15	15	15	15	15	15	15	15	15	15	15	15	15	14	15	15	15	15	15	15	15	5	15	15	15	15	15	15
6:148132021:A:G	0.722	6	15	15	15	15	15	15	15	15	14	14	15	15	15	15	15	15	15	15	15	15	15	15	15	15	15	15	5	15	15	15	15	15	15	14	15	15	15	15	15	15	15	15	15	15	15	15	15	15	14	14	14	15	15	15	15	15	15	15	15	15	15	15	15	15	15	14	15	15	15	15	15	15	15	15	15	15	15	15	15	15	14	15	15	15	15	15	15	15	14	15	15	15	15	15	15	15	15	15	15	15	15	15	15	15	15	15	15	15	15	15	15	15	14	15	15	15	15	15	15	15	5	15	15	15	15	15	15
6:148132715:A:G	0.208	5	15	15	15	15	15	15	15	15	13	13	15	15	15	15	15	15	15	15	15	15	15	15	15	15	15	15	7	15	15	15	15	15	15	14	15	15	15	15	15	15	15	15	15	15	15	15	15	15	14	14	13	15	15	15	15	15	15	15	15	7	15	15	15	15	15	14	15	15	15	15	15	15	15	15	15	15	15	15	15	15	14	15	15	15	15	15	15	15	14	15	15	15	15	15	15	15	15	15	15	15	15	15	15	15	15	15	15	15	15	15	15	15	14	15	15	15	15	15	15	15	5	15	15	15	15	15	15
6:148133431:A:G	0.036	5	15	15	15	15	15	15	15	15	13	13	15	15	15	15	15	15	15	15	15	15	15	15	15	15	15	15	5	15	15	15	15	15	15	14	15	15	15	15	15	15	15	15	15	15	15	15	15	15	14	14	13	15	15	15	7	15	15	15	15	7	15	15	15	15	15	14	15	15	15	15	15	15	15	15	15	15	15	15	15	15	14	15	15	15	15	15	15	15	14	15	15	15	15	15	15	15	15	15	15	15	15	15	15	15	15	15	15	15	15	15	15	15	14	15	15	15	15	15	15	15	5	15	15	15	15	15	15
6:148138080:G:GA	1.024	NA	15	15	15	15	15	15	15	15	13	13	15	15	15	15	15	15	15	15	15	15	15	15	15	15	15	15	5	15	15	15	15	15	15	15	15	15	15	15	15	15	15	15	15	15	15	15	15	15	14	15	14	15	15	14	15	15	15	15	15	15	15	15	14	15	15	14	15	15	15	15	15	15	15	15	15	15	15	15	14	15	15	15	15	15	15	15	15	15	15	15	15	15	15	15	15	15	15	15	15	15	15	15	15	15	15	15	15	15	15	15	15	15	14	15	15	15	15	15	15	15	5	15	15	15	15	15	15
6:148138720:C:T	1.772	5	15	15	15	15	15	15	15	15	13	13	15	15	15	15	15	15	15	15	15	15	15	15	15	15	15	15	5	15	15	15	15	15	15	15	15	15	15	15	15	15	15	15	15	15	15	15	15	15	14	15	14	15	15	14	15	15	15	15	15	15	15	15	15	15	15	14	15	15	15	15	15	15	15	15	15	15	15	15	12	15	15	15	15	15	15	15	15	15	15	15	15	15	15	15	15	15	15	15	15	15	15	15	15	15	15	15	15	15	15	15	15	15	14	15	15	15	15	15	7	15	5	15	15	15	15	15	15
6:148146022:C:G	1.288	7	15	15	15	15	15	15	15	15	13	14	15	15	15	15	15	15	15	15	15	15	15	15	15	15	15	15	5	15	15	15	15	15	15	15	15	15	15	15	15	15	15	15	15	15	15	15	15	15	15	15	14	15	15	15	15	15	15	15	15	15	15	15	15	15	15	15	14	15	15	15	15	15	15	15	15	15	15	14	14	15	15	15	15	15	15	5	15	15	15	15	15	15	15	15	15	15	15	15	15	15	15	15	15	15	15	15	15	15	15	15	15	15	14	15	15	15	15	15	15	15	5	15	15	15	15	15	15
6:148146717:A:AT	9.457	NA	15	15	15	15	15	15	15	15	13	14	15	15	15	15	15	15	15	15	15	15	15	15	15	15	15	15	5	15	15	15	15	15	15	15	15	15	15	15	15	15	15	15	15	15	15	15	15	15	15	15	14	15	15	15	15	15	15	15	15	15	15	15	15	15	15	15	14	15	15	15	15	15	15	15	15	15	15	14	14	15	15	15	15	15	15	5	15	15	15	15	15	15	15	15	15	15	15	15	15	15	15	15	15	15	15	15	15	15	15	15	15	15	14	15	15	15	15	15	15	15	5	15	15	15	15	15	15
6:148149242:C:T	1.925	7	15	15	15	15	15	15	15	15	14	14	15	15	15	15	15	15	15	15	15	15	15	15	15	15	15	15	5	15	15	15	15	15	15	15	15	15	15	15	15	15	15	15	15	15	15	15	15	15	15	15	14	15	15	15	15	15	15	15	15	15	15	15	15	15	15	15	14	15	15	15	15	15	15	15	15	15	15	14	14	15	15	15	15	15	5	5	15	15	15	15	15	15	15	15	15	15	15	15	15	15	15	15	15	15	15	15	14	15	15	15	15	15	15	15	15	15	15	15	15	15	5	15	15	15	15	15	15
6:148149487:A:T	3.289	6	15	15	15	15	15	15	15	15	14	14	15	15	15	15	15	15	15	15	15	15	15	15	15	15	15	15	5	15	15	15	15	15	15	15	15	15	15	15	15	15	15	15	15	15	15	15	15	15	15	15	14	15	15	15	15	15	15	15	15	15	15	15	15	15	15	15	14	15	15	15	15	15	15	15	15	15	15	14	14	15	15	15	15	15	5	15	15	15	15	15	15	15	15	15	15	15	15	15	15	15	15	15	15	15	15	15	14	15	15	15	15	15	15	15	15	15	15	15	15	15	5	15	15	15	15	15	15
6:148149627:A:G	3.425	7	15	15	15	15	15	15	15	15	14	14	15	15	15	15	15	15	15	15	15	15	15	15	15	15	15	15	5	15	15	15	15	15	15	15	15	15	15	15	15	15	15	15	15	15	15	15	15	15	15	15	14	15	15	15	15	15	15	15	15	15	15	15	15	15	15	15	14	15	15	15	15	15	15	15	15	15	15	14	14	15	15	15	15	15	5	15	15	15	15	15	15	15	15	15	15	15	15	15	15	15	15	15	15	15	15	15	14	15	15	15	15	15	15	15	15	15	15	15	15	15	5	15	15	15	15	15	15
6:148149709:C:T	3.543	7	15	15	15	15	15	15	15	15	14	14	15	15	15	15	15	15	15	15	15	15	15	15	15	15	15	15	5	15	15	15	15	15	15	15	15	15	15	15	15	15	15	15	15	15	15	15	15	15	15	15	14	15	15	15	15	15	15	15	15	15	15	15	15	15	15	15	14	15	15	15	15	15	15	15	15	15	15	14	14	15	15	15	15	15	5	15	15	15	15	15	15	15	15	15	15	15	15	15	15	15	15	15	15	15	15	15	14	15	15	15	15	15	15	15	15	15	15	15	15	15	5	15	15	15	15	15	15
6:148154103:A:G	1.214	6	15	15	15	15	15	15	15	15	14	14	15	15	14	15	15	15	15	15	15	15	15	15	15	15	15	15	5	15	15	15	15	15	15	15	15	15	15	15	15	15	15	15	15	15	15	15	15	15	15	15	14	15	15	15	15	15	15	15	15	15	15	15	15	15	15	14	15	15	15	15	15	15	15	15	15	15	15	14	14	15	15	15	15	15	5	15	15	15	15	15	15	15	14	15	15	15	15	15	15	15	15	15	15	15	15	15	14	15	15	15	15	15	15	15	15	15	15	5	15	15	5	15	15	15	15	15	15
6:148154971:C:G	17.350	5	15	15	15	15	15	15	15	15	14	14	15	15	14	15	15	15	15	15	15	15	15	15	15	15	15	15	5	15	15	15	15	15	15	15	15	15	15	15	15	15	15	15	15	15	15	15	15	15	15	15	14	15	15	15	15	15	15	15	15	15	15	15	15	15	14	14	15	15	15	15	15	15	15	15	15	15	15	14	14	15	15	15	15	15	5	15	15	15	15	15	15	15	14	15	15	15	15	15	15	15	15	15	15	15	15	15	14	15	15	15	15	15	15	15	15	15	15	5	15	15	5	15	15	15	15	15	15
6:148156383:A:C	0.060	6	15	15	15	15	15	15	15	15	14	14	15	15	14	15	15	15	15	15	15	15	15	15	15	15	15	15	5	15	15	15	15	15	15	15	15	15	15	15	15	15	15	15	15	15	15	15	15	15	15	15	15	15	15	15	15	15	15	15	15	15	15	15	15	15	14	14	15	15	15	15	15	15	15	15	15	15	15	14	14	15	15	15	15	15	5	5	15	15	15	15	15	15	14	15	15	15	15	15	15	15	15	15	15	15	15	15	5	15	15	15	15	15	15	15	14	15	15	5	5	15	15	15	15	15	15	15	15
6:148158632:A:T	8.830	5	15	15	15	15	15	15	15	15	14	14	15	15	14	15	15	15	15	15	15	15	15	15	15	15	15	15	7	15	15	15	15	15	15	15	15	15	15	15	15	15	15	15	15	15	15	15	15	15	15	15	15	15	15	15	15	15	15	15	15	15	15	15	15	15	14	15	15	15	15	15	15	15	15	15	15	15	15	14	14	15	15	15	15	15	5	5	15	15	15	15	15	15	14	15	15	9	15	15	15	15	15	15	15	15	15	15	5	15	15	15	15	15	15	15	14	15	15	15	5	15	15	9	15	15	15	15	15
6:148159028:A:C	0.635	NA	15	15	15	15	15	15	15	15	14	14	15	15	14	15	15	15	15	15	15	15	15	15	15	15	15	15	15	15	15	15	15	15	15	15	15	15	15	15	15	15	15	15	15	15	15	15	15	15	15	15	15	15	15	15	15	15	15	15	15	15	15	15	15	15	14	15	15	15	15	15	15	15	15	15	15	15	15	14	14	15	15	15	15	15	5	5	15	15	15	15	15	15	14	15	15	15	15	15	15	15	15	15	15	15	15	15	5	15	15	15	15	15	15	15	14	15	15	15	5	15	15	15	15	15	15	15	15
6:148160266:C:T	0.108	7	15	15	15	15	15	15	15	15	14	14	15	15	14	15	15	15	15	15	15	15	15	15	15	15	15	15	15	15	15	15	15	15	15	15	15	15	15	15	15	15	15	15	15	15	15	15	15	15	14	15	15	15	15	15	15	15	15	15	15	15	15	15	15	15	14	15	15	15	15	15	15	15	15	15	15	15	15	14	7	15	15	15	15	15	5	5	15	15	15	15	15	15	14	15	15	15	15	15	15	15	15	15	15	15	15	15	5	15	15	15	15	15	15	15	15	15	15	15	5	15	15	15	15	15	15	15	15
6:148160694:C:T	0.688	6	15	15	15	15	15	15	15	15	14	14	15	15	14	15	15	15	15	15	15	15	15	15	15	15	15	15	15	15	15	15	15	15	15	15	15	15	15	15	15	15	15	15	15	15	15	15	15	15	14	15	15	15	15	15	15	15	15	15	15	15	15	15	15	15	14	15	15	15	15	15	15	15	15	15	15	15	15	14	7	15	15	15	15	15	5	5	15	15	15	15	15	15	14	15	15	15	15	15	15	15	15	15	15	15	15	15	5	15	15	15	15	15	15	15	15	15	15	15	5	15	15	15	15	15	15	15	15
6:148161306:G:T	17.300	5	15	15	15	15	15	15	15	15	14	14	15	15	14	15	15	15	15	15	15	15	15	15	15	15	15	15	15	15	15	15	15	15	15	15	15	15	15	15	15	15	15	15	15	15	15	15	15	15	14	15	15	15	15	15	15	15	15	15	15	15	15	15	15	15	14	15	15	15	15	15	15	15	15	7	15	15	15	14	7	15	7	15	15	15	7	7	15	15	15	7	15	15	14	15	15	15	15	15	15	15	15	15	15	15	15	15	5	15	15	15	15	15	15	15	15	15	15	15	7	15	15	15	15	15	15	15	15
6:148161416:A:G	3.574	3a	15	15	15	15	15	15	15	15	14	14	15	15	14	15	15	15	15	15	15	15	15	15	15	15	15	15	15	15	15	15	15	15	15	15	15	15	15	15	15	15	15	15	15	15	15	15	15	15	14	15	15	15	15	15	15	15	15	15	15	15	15	15	15	15	14	15	15	15	15	15	15	15	15	7	15	15	15	14	7	15	7	15	15	15	7	15	15	15	15	7	15	15	14	15	15	15	15	15	15	15	15	15	15	15	15	15	5	15	15	15	15	15	15	15	15	15	15	15	7	15	15	15	15	15	15	15	15
6:148161501:A:G	0.710	3a	15	15	15	15	15	15	15	15	14	14	15	15	14	15	15	15	15	15	15	15	15	15	15	15	15	15	15	15	15	15	15	15	15	15	15	15	15	15	15	15	15	15	15	15	15	15	15	15	14	15	15	15	15	15	15	15	15	15	15	15	15	15	15	15	14	15	15	15	15	15	15	15	15	7	15	15	15	14	7	15	7	15	15	15	7	15	15	15	15	7	15	15	14	15	15	15	15	15	15	15	15	15	15	15	15	15	5	15	15	15	15	15	15	15	15	15	15	15	7	15	15	15	15	15	15	15	15
6:148162885:A:AGACT	16.270	NA	15	15	15	15	15	15	15	15	14	14	15	15	15	15	15	15	15	15	15	15	15	15	15	15	15	15	15	15	15	15	15	15	15	15	15	15	15	15	15	15	15	15	15	15	15	15	15	15	14	15	15	15	15	15	15	15	15	15	15	15	15	15	15	15	15	15	15	15	15	15	15	15	15	15	15	15	15	15	15	15	5	15	15	15	7	15	15	15	15	15	15	15	14	15	15	15	15	15	15	15	15	15	15	15	15	15	5	15	15	15	15	15	15	15	15	15	15	15	15	15	15	15	15	15	15	15	15
6:148164632:A:T	1.983	7	15	15	15	15	15	15	15	15	14	15	15	15	15	15	15	15	15	15	15	15	15	15	15	15	15	15	15	15	15	15	15	15	15	15	15	15	15	15	15	15	15	15	15	15	15	15	15	15	14	15	9	15	15	15	15	15	15	15	15	15	15	15	15	15	15	15	15	15	15	15	15	15	15	15	15	15	15	15	15	15	5	9	15	15	9	15	15	15	15	15	15	15	15	15	15	15	15	9	15	15	15	14	15	15	15	15	5	15	15	15	15	15	15	15	15	15	15	15	15	15	15	15	15	15	15	15	15
6:148164665:C:T	1.883	7	15	15	15	15	15	15	15	15	14	15	15	15	15	15	15	15	15	15	15	15	15	15	15	15	15	15	15	15	15	15	15	15	15	15	15	15	15	15	15	15	15	15	15	15	15	15	15	15	14	15	9	15	15	15	15	15	15	15	15	15	15	15	15	15	15	15	15	15	15	15	15	15	15	15	15	15	15	15	15	15	5	9	15	15	9	15	15	15	15	15	15	15	15	15	15	15	15	9	15	15	15	14	15	15	15	15	5	15	15	15	15	15	15	15	15	15	15	15	15	15	15	15	15	15	15	15	15
6:148165329:A:G	8.151	6	15	15	15	15	15	15	15	15	14	15	15	15	15	15	15	15	15	15	15	15	15	15	15	15	15	15	15	15	15	15	15	15	15	15	15	15	15	15	15	15	15	15	15	15	15	15	15	15	15	15	9	15	15	15	15	15	15	15	15	15	15	15	15	15	15	15	15	15	15	15	15	15	15	15	15	15	15	15	15	15	5	9	15	15	9	15	15	9	15	15	15	15	15	15	15	15	15	9	15	15	15	14	15	15	15	15	5	15	15	15	15	15	15	15	15	15	15	15	15	15	15	15	15	15	15	15	15
6:148165633:C:G	1.830	6	15	15	15	15	15	15	15	15	14	15	15	15	15	15	15	15	15	15	15	15	15	15	15	15	15	15	15	15	15	15	15	15	15	15	15	15	15	15	15	15	15	15	15	15	15	15	15	15	15	15	9	15	15	15	15	15	15	15	15	15	15	15	15	15	15	15	15	15	15	15	15	15	15	15	15	15	15	15	15	15	5	15	15	15	9	15	15	9	15	15	15	15	15	15	15	15	15	9	15	15	15	14	15	15	15	15	15	15	15	15	15	15	15	15	15	15	15	15	15	15	15	15	15	15	15	15	15
6:148165859:C:T	0.279	7	15	15	15	15	15	15	15	15	14	15	15	15	15	15	15	15	15	15	15	15	15	15	15	15	15	15	15	15	15	15	15	15	15	15	15	15	15	15	15	15	15	15	15	15	15	15	15	15	15	15	9	15	15	15	15	15	15	15	15	15	15	15	15	15	15	15	15	15	15	15	15	15	15	15	9	15	15	15	15	15	5	15	15	15	9	15	15	15	15	15	15	15	15	15	15	15	15	9	15	15	15	14	15	15	15	15	15	15	15	15	15	15	15	15	15	15	15	15	15	15	15	15	15	15	15	15	15
6:148166893:A:G	2.685	6	15	15	15	15	15	15	15	15	14	15	15	15	15	15	15	15	15	15	15	15	15	15	15	15	15	15	15	15	15	15	15	15	15	15	15	15	15	15	15	15	15	15	15	15	15	15	15	15	15	15	9	15	15	15	15	15	15	15	15	15	15	15	15	15	15	15	9	15	15	15	15	15	15	15	9	15	15	15	15	15	5	15	15	15	15	15	15	15	15	15	15	15	15	15	15	15	15	15	15	15	15	14	15	15	15	15	15	15	15	15	15	15	15	15	15	15	15	15	15	15	15	15	15	15	15	15	15
6:148167366:A:G	0.992	7	15	15	15	15	15	15	15	15	14	15	15	15	15	15	15	15	15	15	15	15	15	15	15	15	15	15	15	15	15	15	15	15	15	15	15	15	15	15	15	15	15	15	15	15	15	15	15	15	15	15	9	15	15	15	15	15	15	15	15	15	15	15	15	15	15	15	15	15	15	15	15	15	15	15	15	15	15	15	15	15	5	15	15	15	15	15	15	15	15	15	15	15	15	15	15	15	15	15	15	15	15	14	15	15	15	15	15	15	15	15	15	15	15	15	15	15	15	15	15	15	15	15	15	15	15	15	15
6:148167713:A:G	0.783	7	15	15	15	15	15	15	15	15	14	15	15	15	15	15	15	15	15	15	15	15	15	15	15	15	15	15	15	15	15	15	15	15	15	15	15	15	15	15	15	15	15	15	15	15	15	15	15	15	15	15	15	15	15	15	15	15	15	15	15	15	15	15	15	15	15	15	15	15	15	15	15	15	15	15	15	15	15	15	15	15	5	15	15	15	15	15	15	15	15	15	15	15	15	15	15	15	15	15	15	15	15	14	15	15	15	15	15	15	15	15	15	15	15	15	15	15	15	15	15	15	15	15	15	15	15	15	15
6:148167771:C:T	0.419	7	15	15	15	15	15	15	15	15	14	15	15	15	15	15	15	15	15	15	15	15	15	15	15	15	15	15	15	15	15	15	15	15	15	15	15	15	15	15	15	15	15	15	15	15	15	15	15	15	15	15	15	15	15	15	15	15	15	15	15	15	15	15	15	15	15	15	15	15	15	15	15	15	15	15	15	15	15	15	15	15	5	15	15	15	15	15	15	15	15	15	15	15	15	15	15	15	15	15	15	15	15	14	15	15	15	15	15	15	15	15	15	15	15	15	15	15	15	15	15	15	15	15	15	15	15	15	15
6:148171141:G:T	0.926	5	15	15	15	15	15	15	15	15	15	7	7	15	15	15	15	15	5	15	15	15	15	15	15	15	15	7	7	15	15	15	15	15	15	15	15	15	15	15	15	15	15	15	15	15	15	15	15	15	15	15	15	15	15	15	15	15	15	15	15	15	15	15	15	15	15	15	15	15	15	15	15	15	15	15	15	15	15	15	15	15	7	15	15	7	7	2	15	15	15	7	15	15	15	15	15	15	15	15	15	15	15	14	15	15	15	15	14	15	15	15	15	15	15	15	15	15	15	15	7	15	15	15	15	15	15	15	15
6:148171961:A:C	0.030	5	15	15	15	15	15	15	15	15	15	15	5	15	15	15	15	15	7	15	15	15	15	15	15	15	15	15	15	15	15	15	15	15	15	15	15	15	15	15	15	15	15	15	15	15	15	15	15	15	2	15	15	15	15	15	15	15	15	15	15	15	15	15	15	15	15	15	15	15	15	15	15	15	15	15	15	15	15	15	15	15	15	15	15	15	15	7	15	15	15	7	15	15	15	15	15	15	15	15	15	15	15	7	15	15	15	15	14	15	15	15	15	15	15	15	15	15	15	15	7	15	15	15	15	15	15	15	15
6:148173291:C:T	0.112	6	15	15	15	15	15	15	15	15	15	15	5	15	15	15	15	15	15	15	15	15	15	15	15	15	15	15	15	15	15	15	15	15	15	15	15	15	15	15	15	15	15	15	15	15	15	15	15	15	15	15	15	15	15	15	15	15	15	15	15	15	15	15	15	15	15	15	15	15	15	15	15	15	15	15	15	15	15	15	15	15	15	15	15	15	15	15	15	15	15	15	15	15	15	15	15	15	15	15	15	15	15	15	15	15	15	15	14	15	15	15	15	15	15	15	15	15	15	15	15	15	15	15	15	15	15	15	15
6:148174012:C:T	6.355	NA	15	15	15	15	15	15	15	15	15	15	5	15	15	15	15	15	7	15	15	15	15	15	15	15	15	15	15	15	15	15	15	15	15	15	15	15	15	15	15	15	15	15	15	15	15	15	15	15	15	15	15	7	15	15	7	15	15	15	15	15	15	15	15	15	15	15	15	15	15	15	15	15	15	15	15	15	15	15	15	15	15	15	15	15	15	15	15	15	15	15	15	15	15	15	15	15	15	15	15	15	15	15	15	15	15	15	14	15	15	15	15	15	15	15	15	15	15	15	15	7	15	15	15	15	15	15	15
6:148177485:A:C	0.130	6	15	15	15	15	15	15	15	15	15	15	5	15	15	15	15	15	15	15	15	15	15	15	15	15	15	15	15	15	15	15	15	15	15	15	15	15	15	15	15	15	15	15	15	15	15	15	15	15	15	15	15	15	15	15	15	15	15	15	15	15	15	15	15	15	15	15	15	15	15	15	15	15	15	15	15	15	15	15	15	15	15	15	15	15	15	15	15	15	15	15	15	15	15	15	15	15	15	15	15	15	15	15	15	15	15	15	14	15	15	15	15	15	15	15	15	15	15	15	15	15	15	15	15	15	15	15	15
6:148178358:A:G	1.892	7	15	15	15	15	15	15	15	15	15	15	5	15	15	15	15	15	15	15	15	15	15	15	15	15	15	15	15	15	15	15	15	15	15	15	15	15	15	15	15	15	15	15	15	15	15	15	15	15	15	15	15	15	15	15	15	15	15	15	15	7	15	15	15	15	15	15	15	15	15	15	15	15	15	15	15	15	15	15	15	15	15	15	15	15	15	15	15	15	15	15	15	15	15	15	15	15	15	15	15	15	15	15	15	15	15	15	14	15	15	15	15	15	15	15	15	15	15	15	15	15	15	15	15	15	15	15	15
8:17353713:C:G	9.559	3a	14	14	14	5	9	5	15	5	13	14	14	13	15	14	13	13	2	13	13	13	5	15	13	5	13	13	7	7	13	13	13	14	13	13	12	13	14	14	14	14	14	13	13	13	14	13	13	15	13	12	12	7	14	14	2	1	2	2	13	7	13	7	15	2	15	1	14	15	7	7	15	7	7	14	2	13	2	7	13	13	12	2	7	15	1	2	12	12	12	14	12	7	15	7	7	2	15	7	14	7	15	15	15	14	7	7	14	13	1	13	15	11	15	9	2	2	14	15	7	2	15	13	7	12	2	14	14
8:17354162:C:G	8.533	4	1	10	1	5	15	5	15	5	10	2	1	12	1	1	10	10	1	10	10	10	5	15	2	7	10	10	2	2	13	12	11	13	13	13	11	13	14	14	14	14	14	13	12	13	14	14	13	15	10	11	11	2	2	2	1	1	2	1	13	1	13	2	1	1	1	1	1	1	1	1	1	1	1	14	2	10	1	2	13	11	7	1	2	1	1	1	1	10	10	2	13	5	15	15	1	1	1	1	1	2	1	1	1	14	7	2	14	12	1	13	15	10	15	9	1	2	10	1	2	2	15	13	2	11	2	1	11
8:17354224:C:T	5.943	4	1	10	1	1	1	1	1	1	10	1	1	10	1	1	10	10	1	10	10	10	1	1	1	1	10	10	1	10	13	13	12	12	13	13	2	11	14	14	14	14	14	13	12	13	14	14	14	15	10	11	11	1	2	1	1	1	10	1	10	1	13	2	1	1	1	1	1	1	1	1	1	1	1	1	1	10	1	2	13	10	5	1	1	1	1	1	1	10	10	1	10	1	1	15	1	1	1	1	1	1	1	1	1	14	1	1	14	13	1	10	15	10	15	9	1	1	10	1	1	1	15	13	1	13	1	1	10
8:17354248:C:G	7.086	4	1	10	1	1	1	1	1	1	10	1	1	10	1	1	10	10	1	10	10	10	1	1	1	1	10	10	1	10	13	13	12	12	13	13	2	11	14	14	14	14	14	13	12	13	14	14	14	15	10	11	11	1	2	1	1	1	10	1	10	1	13	2	1	1	1	1	1	1	1	1	1	1	1	1	1	10	1	2	13	10	5	1	1	1	1	1	1	10	10	1	10	1	1	15	1	1	1	1	1	1	1	1	1	14	1	1	14	13	1	10	15	10	15	9	1	1	10	1	1	1	15	13	1	13	1	1	10
8:17354305:G:T	7.229	4	1	10	1	1	1	1	1	1	10	1	1	10	1	1	10	10	1	10	10	10	1	1	1	1	10	10	1	10	13	13	12	12	13	13	2	11	14	14	14	14	14	13	12	13	14	14	14	15	10	11	11	1	2	1	1	1	10	1	10	1	13	2	1	1	1	1	1	1	1	1	1	1	1	1	1	10	1	2	13	10	5	1	1	1	1	1	1	10	10	1	10	1	1	15	1	1	1	1	1	1	1	1	1	14	1	1	14	13	1	10	15	10	15	9	1	1	10	1	1	1	15	13	1	13	1	1	10
8:17355213:G:T	9.793	4	10	10	10	10	1	5	1	1	11	11	11	10	1	10	10	10	1	10	10	10	10	10	13	1	10	13	1	13	13	13	13	12	13	12	12	13	14	14	12	14	13	13	12	13	14	13	13	15	11	11	11	1	11	2	1	1	11	2	15	2	13	2	1	1	1	1	1	11	1	1	1	1	1	1	10	10	1	11	12	10	5	1	1	1	1	1	11	11	11	10	10	1	1	1	1	1	1	1	1	1	1	1	1	14	1	1	7	13	10	10	15	2	15	9	1	10	13	1	1	2	15	13	2	13	11	11	10
8:17355435:C:T	2.119	4	11	13	10	10	1	5	14	1	11	12	11	11	1	11	10	11	1	11	11	11	11	10	13	5	10	13	1	13	13	13	13	13	13	13	13	13	12	14	12	14	13	13	12	13	14	13	13	15	10	13	13	2	12	2	1	1	2	2	15	2	13	1	5	1	1	1	1	13	1	1	1	2	5	2	11	10	1	2	12	12	7	1	1	1	1	2	1	10	1	2	10	5	1	1	1	1	5	1	1	2	1	1	1	14	1	1	7	12	10	13	15	2	15	15	1	10	13	2	1	2	15	13	2	12	2	12	11
8:17355525:C:G	2.657	4	11	13	10	10	1	5	14	1	11	12	11	11	1	11	10	11	1	11	11	11	11	10	13	5	10	13	1	13	13	13	13	13	13	13	13	13	12	14	12	14	13	13	12	13	14	13	13	15	10	13	13	2	12	2	1	1	2	2	15	2	13	1	5	1	1	1	1	13	1	1	1	2	5	2	11	10	1	2	12	12	7	1	1	1	1	2	1	10	1	2	10	5	1	1	1	1	5	1	1	2	1	1	1	14	1	1	7	12	10	13	15	2	15	15	1	10	13	2	1	2	15	13	2	12	2	12	11
12:2202537:C:T	4.177	5	15	15	15	15	5	14	15	15	14	14	15	15	15	15	15	15	7	15	15	15	15	7	5	15	7	7	7	7	15	15	15	15	15	13	15	15	15	15	15	15	15	15	15	15	15	15	15	15	7	15	15	14	14	14	7	14	14	14	13	14	15	15	7	14	15	15	5	15	15	7	5	15	15	7	14	5	15	14	15	15	7	14	14	15	5	15	14	14	14	7	15	15	7	7	15	15	15	15	15	15	7	7	7	14	7	7	14	15	2	15	7	13	14	14	13	14	7	14	7	15	14	15	15	7	14	7	7
12:2202598:A:G	3.235	5	15	15	15	15	5	14	15	15	14	14	15	15	15	15	15	15	7	15	15	15	15	7	5	15	7	7	7	7	15	15	15	15	15	13	15	15	15	15	15	15	15	15	15	15	15	15	15	15	7	15	15	14	14	14	7	14	14	14	13	14	15	15	7	14	15	15	5	15	15	7	5	15	15	7	14	5	15	14	15	15	7	14	14	15	5	15	14	14	14	7	15	15	7	7	15	15	15	15	15	15	7	7	7	14	7	7	14	15	2	15	7	13	14	14	13	14	7	14	7	15	14	15	15	7	14	7	7
12:2203146:A:C	1.492	7	15	15	15	15	5	14	15	15	14	14	15	15	15	15	15	15	7	15	15	15	15	5	7	15	7	7	7	5	15	15	15	15	15	14	15	15	15	15	15	15	15	15	15	15	15	15	15	15	7	15	15	14	14	14	7	14	14	14	13	14	15	15	7	15	15	15	5	15	15	5	5	15	15	7	14	5	15	14	15	5	6	14	14	15	5	15	14	14	14	7	15	15	7	7	15	15	15	15	15	15	7	7	7	14	14	7	14	15	2	15	7	13	14	14	13	14	5	14	14	15	14	15	15	7	14	7	7
12:2203628:C:G	0.086	5	15	15	15	15	7	14	15	15	14	14	15	15	15	15	15	15	7	15	15	15	15	5	7	15	7	7	7	5	7	7	7	15	7	7	15	7	15	15	15	15	15	15	15	15	15	15	15	15	7	15	7	14	14	14	7	7	7	7	14	14	15	15	7	15	15	15	5	15	15	5	5	15	15	7	14	7	15	14	15	5	7	14	14	15	5	15	14	14	14	7	7	15	7	7	15	15	15	15	15	15	7	7	7	14	14	7	14	15	2	15	7	13	14	14	13	14	7	14	14	15	14	7	15	7	14	7	7
12:2204208:A:G	0.356	5	15	15	15	15	5	14	15	15	14	14	15	15	5	15	15	15	7	15	15	15	15	5	7	15	7	7	7	7	7	7	15	15	15	14	15	15	15	15	15	15	15	15	15	15	15	15	15	15	15	15	15	14	14	15	14	14	7	7	14	14	15	15	7	15	15	15	5	15	15	5	5	15	15	7	14	7	15	14	15	5	7	14	14	15	5	15	14	14	14	7	7	15	7	7	15	15	15	15	15	15	7	5	7	14	14	7	14	15	7	15	7	13	14	14	13	14	7	14	14	15	14	7	15	5	5	5	15
12:2205439:C:T	17.320	5	15	15	15	15	5	14	15	15	14	14	15	15	5	15	15	15	5	15	15	15	15	5	15	15	7	15	7	7	15	15	15	15	15	14	15	15	15	15	15	15	15	15	15	15	15	15	15	15	15	15	15	14	14	15	14	14	14	7	14	14	15	15	5	15	15	15	5	15	15	5	5	15	15	7	14	5	15	14	15	5	6	14	5	15	5	15	14	14	14	5	15	15	5	5	15	15	7	15	15	15	7	7	7	14	14	14	14	15	7	15	5	13	14	14	14	14	7	14	14	15	14	15	15	5	7	5	15
12:2206169:A:G	1.142	6	15	15	15	15	5	14	15	15	14	14	15	15	5	15	15	15	5	15	15	15	15	5	15	15	5	15	5	14	15	15	15	15	15	14	15	15	15	15	15	15	15	15	15	15	15	15	15	15	15	15	15	14	14	15	14	14	14	14	14	14	15	15	5	15	15	15	5	15	15	5	5	15	15	7	14	5	15	14	15	5	6	14	5	15	5	15	14	14	14	5	15	15	5	5	5	15	15	15	15	15	7	5	5	14	14	14	14	15	7	15	5	14	14	14	14	14	14	14	14	15	14	15	15	5	14	5	15
12:2208537:C:T	0.143	5	15	15	15	15	5	14	15	15	14	14	15	15	7	15	15	15	5	15	15	15	15	5	15	15	5	15	7	14	15	15	15	15	15	13	15	15	15	15	15	15	15	15	15	15	15	15	15	15	15	15	15	14	14	15	14	14	14	14	14	14	15	15	7	15	5	15	15	15	15	15	7	5	15	7	14	7	15	13	15	5	7	14	5	15	5	15	13	14	14	14	15	15	7	5	15	15	15	15	15	15	2	5	7	14	14	14	15	15	7	15	5	14	14	14	13	13	14	14	13	15	15	15	15	5	14	5	15
12:2210167:C:CA	9.109	NA	15	15	15	15	5	14	15	15	14	14	15	15	15	15	15	15	5	15	15	15	15	5	15	15	5	15	7	14	15	15	15	15	15	14	15	15	15	15	15	15	15	15	15	15	15	15	15	15	15	15	15	14	14	15	14	14	14	14	14	14	15	15	5	15	5	15	15	15	15	15	15	15	15	5	14	5	15	13	15	5	5	14	5	15	5	15	14	14	14	14	15	15	5	5	15	15	15	15	15	14	5	5	5	14	14	14	15	15	7	15	5	14	14	14	14	13	14	14	14	15	15	15	15	5	14	15	15
12:2212644:A:G	0.208	7	15	15	15	15	5	14	15	15	14	14	15	15	15	15	15	15	5	15	15	15	15	5	15	15	15	15	5	14	15	15	15	15	15	14	15	15	15	15	15	15	15	15	15	15	15	15	15	15	15	15	15	14	14	15	14	14	14	14	14	14	15	15	5	15	5	15	15	15	15	15	15	15	15	5	15	5	15	14	15	5	5	15	15	15	15	15	14	14	14	14	15	15	5	5	15	15	15	15	15	14	5	5	5	14	14	14	15	15	5	15	5	14	14	14	14	14	14	14	14	15	15	15	15	15	14	15	5
12:2218731:C:T	5.681	5	15	15	15	15	5	14	5	15	14	15	15	15	15	15	15	15	5	15	15	15	15	5	15	15	15	15	5	14	15	15	15	15	15	14	15	15	15	15	15	15	15	15	15	15	15	15	15	15	15	15	15	14	14	15	14	14	14	14	13	14	15	15	5	15	5	15	15	15	5	15	5	15	15	7	15	5	5	14	15	5	7	5	15	15	15	15	14	14	14	13	15	15	7	5	15	15	5	15	15	15	7	5	7	14	14	14	15	15	7	15	5	14	14	14	14	14	14	14	14	15	15	15	15	15	14	15	5
12:2219095:C:T	1.907	5	15	15	15	15	5	14	5	15	14	15	15	15	15	15	15	15	5	15	15	15	15	5	15	15	15	15	5	14	15	15	15	15	15	14	15	15	15	15	15	15	15	15	15	15	15	15	15	15	15	15	15	14	14	15	14	14	14	14	13	14	15	15	7	15	5	15	15	15	5	15	5	15	15	7	15	5	5	14	15	5	7	5	15	15	15	15	14	14	14	13	15	15	7	5	15	15	5	15	15	15	7	5	7	14	14	14	15	15	7	15	5	14	14	14	14	14	14	14	14	15	15	15	15	15	14	15	5
12:2220015:C:T	0.557	6	15	15	15	15	5	14	5	15	14	15	15	15	15	15	15	15	5	15	15	15	15	5	15	15	15	5	7	14	15	15	15	15	15	14	15	15	15	15	15	15	15	15	15	15	15	15	15	15	15	15	15	14	14	15	14	14	14	14	13	14	15	15	7	15	5	15	15	15	5	15	5	15	15	7	15	5	5	14	7	5	7	7	7	15	15	15	7	7	14	12	15	15	7	5	15	15	5	15	15	7	7	7	7	14	14	7	15	15	7	15	5	14	14	14	14	14	14	14	14	15	14	15	15	15	14	15	5
12:2222732:G:T	1.113	3a	15	15	15	15	5	14	5	15	14	15	15	15	15	15	15	15	5	15	15	15	15	5	15	15	5	5	7	14	15	15	15	15	15	14	15	15	15	15	15	15	15	15	15	15	15	15	15	15	5	15	15	14	14	15	14	14	14	14	13	14	15	15	5	15	5	5	5	5	5	5	5	15	15	5	7	5	7	13	5	5	7	7	5	15	5	5	14	5	14	13	15	7	7	7	5	7	15	15	15	15	7	7	7	14	12	7	15	7	6	15	7	14	14	14	14	14	14	14	14	15	14	15	15	5	14	5	5
12:2223375:C:T	5.128	5	15	15	15	15	7	14	5	15	14	15	15	15	15	15	15	15	7	15	15	15	15	5	7	15	5	5	7	14	15	15	15	15	15	14	15	15	15	15	15	15	15	15	15	15	15	15	15	15	5	15	15	14	14	15	7	14	14	14	14	14	15	15	7	9	5	5	5	5	5	5	5	5	15	5	15	5	5	13	5	5	7	7	5	15	5	5	12	5	14	13	15	15	7	5	5	15	15	15	15	15	5	7	7	14	12	7	15	14	6	15	7	14	14	14	13	14	14	14	14	15	14	15	15	5	14	7	5
12:2223740:C:T	2.110	5	15	15	15	15	5	14	5	15	14	15	15	15	5	15	15	15	5	15	15	15	15	5	5	15	5	5	5	14	15	15	15	15	15	14	15	15	15	15	15	15	15	15	15	15	15	15	15	15	5	15	15	14	14	15	5	14	14	14	14	14	15	15	5	9	5	5	5	5	5	5	5	5	15	5	15	5	5	14	5	5	5	14	5	15	5	5	14	5	14	13	15	15	7	5	5	15	15	15	15	15	5	5	7	14	14	5	15	14	5	15	5	14	14	14	14	14	14	14	14	15	14	15	15	5	14	5	5
12:2225193:C:T	0.188	5	15	15	15	15	4	14	5	15	14	15	15	15	5	15	15	15	4	15	15	15	15	5	4	15	4	4	4	14	15	15	15	15	15	14	15	15	15	15	15	15	15	15	15	15	15	15	15	15	4	15	15	14	14	15	5	5	14	14	14	14	15	15	5	15	5	5	5	5	5	4	5	5	15	4	15	5	5	14	5	4	5	14	5	15	5	5	14	5	14	4	15	15	6	5	5	15	15	15	15	15	5	5	6	14	14	5	15	14	4	15	5	14	14	14	13	14	14	14	14	15	14	15	15	5	14	5	5
