No	GenomicLocus	uniqID	rsID	chr	pos	p	nSNPs	nGWASSNPs
1	1	1:19841504:A:G	rs12044984	1	19841504	4.387e-06	313	81
2	2	2:225466404:A:G	rs4624371	2	225466404	7.963e-06	775	308
3	3	2:235637935:A:G	rs66799507	2	235637935	3.499e-06	142	77
4	4	3:157498846:C:G	rs1872982	3	157498846	6.155e-06	382	124
5	5	4:140946939:C:T	rs17314832	4	140946939	9.906e-07	225	97
6	6	6:139151017:G:T	rs147187651	6	139151017	7.234e-06	101	10
7	7	6:148149709:C:T	rs2187437	6	148149709	7.865e-06	213	41
8	8	7:135602416:T:TCTTA	rs147090214	7	135602416	4.152e-06	267	37
9	9	7:157162068:C:T	rs9692250	7	157162068	4.66e-06	266	58
10	10	10:2364992:A:G	rs4468275	10	2364992	4.955e-06	393	138
11	11	10:15619054:A:C	rs9333182	10	15619054	5.425e-06	148	16
12	12	11:77596104:A:C	rs687037	11	77596104	5.119e-06	404	116
13	13	16:60615067:A:G	rs10438549	16	60615067	4.961e-06	353	166
