No	GenomicLocus	uniqID	rsID	chr	pos	p	nSNPs	nGWASSNPs
1	1	1:241294044:G:GAGCATTGCTTTCTTATCTGAACCTCTA	rs71714702	1	241294044	3.779e-06	86	59
2	2	2:176441451:C:T	rs4072527	2	176441451	8.557e-06	41	18
3	3	2:179065897:C:T	rs62177211	2	179065897	6.363e-06	3	2
4	4	4:114633364:A:G	rs2040744	4	114633364	6.794e-06	18	8
5	5	6:66152473:C:T	rs12663968	6	66152473	8.616e-06	248	137
6	6	6:108246999:A:G	rs146409271	6	108246999	2.429e-08	4	2
7	7	8:19401149:C:G	rs4332151	8	19401149	7.572e-06	103	39
8	8	10:20715852:G:T	rs55829750	10	20715852	1.665e-06	152	96
9	9	15:59389768:G:T	rs34868598	15	59389768	8.479e-06	22	2
10	10	18:8302561:A:G	rs78845406	18	8302561	6.693e-06	1	1
11	11	19:29712441:C:T	rs35484580	19	29712441	9.708e-06	3	1
