GENE	SYMBOL	CHR	START	STOP	Nsnps_ibs	Nsnps_ded	P_ibs	P_ded
ENSG00000142798	HSPG2	1	22148738	22263790	50	50	0.031685	0.027741
ENSG00000085832	EPS15	1	51819935	51985000	9	9	0.036456	0.010958
ENSG00000117114	LPHN2	1	81771845	82458120	713	713	0.048353	0.0059883
ENSG00000143156	NME7	1	169101769	169337205	488	488	0.034962	0.029163
ENSG00000117479	SLC19A2	1	169433147	169455241	18	18	0.046222	0.039189
ENSG00000115977	AAK1	2	69688532	69901481	324	324	0.018917	0.00050153
ENSG00000144227	NXPH2	2	139428342	139537918	79	79	0.034613	0.01766
ENSG00000121989	ACVR2A	2	148602086	148688393	69	69	0.037116	0.001058
ENSG00000115947	ORC4	2	148687968	148779147	93	93	0.045434	0.00052776
ENSG00000204406	MBD5	2	148778580	149275805	459	459	0.023623	0.0050775
ENSG00000186235	AC016757.3	2	239133193	239140318	19	19	0.005492	0.017122
ENSG00000144485	HES6	2	239146908	239149303	5	5	0.013684	0.037832
ENSG00000125046	SSUH2	3	8661086	8786726	21	21	0.0082359	0.040404
ENSG00000163527	STT3B	3	31574130	31679112	15	15	0.029885	0.01421
ENSG00000132405	TBC1D14	4	6910969	7034845	36	36	0.04209	0.023882
ENSG00000196355	AC021860.1	4	38628029	38666430	33	31	0.010352	0.0009169
ENSG00000145365	TIFA	4	113195698	113207059	29	29	0.025155	0.022528
ENSG00000145975	FAM217A	6	4049668	4087578	5	5	0.017575	0.00053583
ENSG00000181355	OFCC1	6	9596343	10211841	407	404	0.0033991	0.032793
ENSG00000137177	KIF13A	6	17759414	17987854	185	185	0.004398	0.028812
ENSG00000221988	PPT2	6	32121218	32134011	8	8	0.012011	0.013579
ENSG00000258388	PPT2-EGFL8	6	32121622	32139755	13	13	0.021088	0.011978
ENSG00000204305	AGER	6	32148745	32152101	7	7	0.023288	0.0071593
ENSG00000248993	XXbac-BPG181M17.5	6	32905141	32920899	15	15	0.035718	0.0054731
ENSG00000204256	BRD2	6	32936437	32949282	38	38	0.043695	0.00047789
ENSG00000204252	HLA-DOA	6	32971955	32977389	16	16	0.0093769	0.0040267
ENSG00000188107	EYS	6	64429876	66417118	2690	2690	4.258e-06	0.0026643
ENSG00000164849	GPR146	7	1084212	1098897	3	3	0.020217	0.029162
ENSG00000164850	GPER1	7	1121844	1133451	5	5	0.049526	0.048123
ENSG00000157927	RADIL	7	4836686	4923350	78	78	0.01729	0.044386
ENSG00000106346	USP42	7	6144515	6201195	2	2	0.041362	0.0040017
ENSG00000164535	DAGLB	7	6448757	6523821	78	78	0.045554	0.00761
ENSG00000146530	VWDE	7	12370511	12443567	153	153	0.023798	0.015185
ENSG00000169193	CCDC126	7	23636998	23684327	2	2	0.036888	0.0075433
ENSG00000106077	ABHD11	7	73150424	73153197	4	4	0.014192	0.015143
ENSG00000075223	SEMA3C	7	80371854	80551675	190	190	0.024757	0.029598
ENSG00000137563	GGH	8	63927638	63951730	73	73	0.041139	0.0077877
ENSG00000155875	FAM154A	9	18927656	19033251	111	111	0.012404	0.040912
ENSG00000165269	AQP7	9	33384765	33402643	1	1	0.02511	0.04599
ENSG00000148019	CEP78	9	80850978	80894606	22	22	0.024107	0.038742
ENSG00000172159	FRMD3	9	85857905	86153461	539	552	0.027944	0.028059
ENSG00000106692	FKTN	9	108320411	108403399	45	45	0.036532	0.038963
ENSG00000169155	ZBTB43	9	129567285	129600489	16	16	0.031747	0.031216
ENSG00000108239	TBC1D12	10	96162261	96295687	149	149	0.007986	0.00095992
ENSG00000119969	HELLS	10	96305547	96373662	83	83	0.014968	0.0011178
ENSG00000137496	IL18BP	11	71709587	71716761	10	10	0.034974	0.013722
ENSG00000175564	UCP3	11	73711326	73720480	14	14	0.049339	0.022848
ENSG00000111291	GPRC5D	12	13093709	13105081	2	2	0.0032413	0.024212
ENSG00000133704	IPO8	12	30781922	30848920	110	110	0.023497	0.033185
ENSG00000111785	RIC8B	12	107168373	107283090	40	41	0.046424	0.048152
ENSG00000179841	AKAP5	14	64932217	64941221	6	6	0.033485	0.03685
ENSG00000137776	SLTM	15	59171244	59225852	9	9	0.0016966	0.049878
ENSG00000140474	ULK3	15	75128457	75135687	4	4	0.043333	0.0080167
ENSG00000140379	BCL2A1	15	80253231	80263788	2	2	0.00054462	0.04475
ENSG00000185551	NR2F2	15	96869167	96883492	3	3	0.0025676	0.042749
ENSG00000205629	LCMT1	16	25123050	25189552	45	45	0.024032	0.034801
ENSG00000141127	PRPSAP2	17	18743398	18834581	90	90	0.03342	0.01322
ENSG00000168517	HEXIM2	17	43238067	43247407	3	3	0.024526	0.038589
ENSG00000154889	MPPE1	18	11882621	11909222	38	38	0.040443	0.034704
ENSG00000175065	DSG4	18	28956740	28994875	49	49	0.036253	0.010726
ENSG00000185236	RAB11B	19	8454865	8469318	3	3	0.0065148	0.013548
ENSG00000102575	ACP5	19	11685475	11689823	3	3	4.1577e-05	0.03583
ENSG00000256771	ZNF253	19	19976695	20005483	10	11	0.01688	0.037528
ENSG00000197841	ZNF181	19	35225060	35233777	5	5	0.015806	0.015653
ENSG00000183760	PAPL	19	39574553	39602133	20	20	0.045434	0.02296
ENSG00000126461	SCAF1	19	50145382	50161899	7	7	0.01338	0.0049351
ENSG00000126456	IRF3	19	50162826	50169132	7	7	0.0081694	0.020304
ENSG00000126453	BCL2L12	19	50168823	50177173	6	6	0.0051273	0.0083375
ENSG00000105357	MYH14	19	50691443	50813802	107	107	0.035785	0.025287
ENSG00000101361	NOP56	20	2632791	2639039	8	8	0.010531	0.0073135
ENSG00000101365	IDH3B	20	2639041	2644865	10	10	0.0085224	0.0074114
ENSG00000159128	IFNGR2	21	34775202	34851655	95	95	0.044178	0.022619
ENSG00000142188	TMEM50B	21	34804792	34852318	71	71	0.036258	0.026634
ENSG00000159131	GART	21	34876238	34915797	21	21	0.022422	0.015852
